MaCK,Ngay,GiaMoCua,GiaCaoNhat,GiaThapNhat,GiaDongCua,KhoiLuongGD,GiaTran,GiaSan,GiaThamChieu,TangGiam,%,GDThoaThuan,NNMua,NNBan
AGR,08/06/2010,0.0,14.0,13.5,13.5,24650,14.30,13.10,13.7,-0.20,-1.46,0,0,0
AGR,08/05/2010,13.6,13.9,13.6,13.7,23600,14.40,13.20,13.8,-0.10,-0.72,0,0,0
AGR,08/04/2010,14.1,14.1,13.8,13.8,62950,15.10,13.70,14.4,-0.60,-4.17,0,0,28030
AGR,08/03/2010,14.0,14.6,14.0,14.4,18580,15.10,13.70,14.4,0.00,0.00,0,0,0
AGR,08/02/2010,14.3,14.4,14.3,14.4,23800,15.10,13.70,14.4,0.00,0.00,0,0,0
AGR,07/30/2010,14.0,14.6,14.0,14.4,45860,14.90,13.50,14.2,0.20,1.41,0,0,0
AGR,07/29/2010,14.2,14.5,14.2,14.2,27920,15.20,13.80,14.5,-0.30,-2.07,0,0,0
AGR,07/28/2010,14.3,14.7,14.3,14.5,31840,15.20,13.80,14.5,0.00,0.00,0,0,0
AGR,07/27/2010,14.6,14.9,14.5,14.5,22760,15.30,13.90,14.6,-0.10,-0.68,0,0,0
AGR,07/26/2010,14.6,14.7,14.6,14.6,20960,15.40,14.00,14.7,-0.10,-0.68,0,0,0
AGR,07/23/2010,14.6,14.8,14.6,14.7,34950,15.30,13.90,14.6,0.10,0.68,0,0,0
AGR,07/22/2010,15.0,15.0,14.6,14.6,22920,15.70,14.30,15.0,-0.40,-2.67,0,0,0
AGR,07/21/2010,14.8,15.2,14.8,15.0,18570,15.60,14.20,14.9,0.10,0.67,0,0,0
AGR,07/20/2010,15.0,15.0,14.8,14.9,44180,15.90,14.50,15.2,-0.30,-1.97,0,0,0
AGR,07/19/2010,14.7,15.2,14.7,15.2,39660,15.70,14.30,15.0,0.20,1.33,0,0,0
AGR,07/16/2010,15.2,15.4,15.0,15.0,46670,16.10,14.70,15.4,-0.40,-2.60,0,0,0
AGR,07/15/2010,15.5,15.9,15.3,15.4,59560,16.60,15.20,15.9,-0.50,-3.14,0,0,0
AGR,07/14/2010,16.3,16.3,15.8,15.9,96650,16.50,15.10,15.8,0.10,0.63,0,0,0
AGR,07/13/2010,15.5,15.8,15.2,15.8,173280,15.80,14.40,15.1,0.70,4.64,0,0,0
AGR,07/12/2010,14.6,15.1,14.5,15.1,86460,15.10,13.70,14.4,0.70,4.86,0,0,0
AGR,07/09/2010,14.4,14.6,14.3,14.4,56750,15.30,13.90,14.6,-0.20,-1.37,0,0,0
AGR,07/08/2010,15.0,15.1,14.6,14.6,39630,15.50,14.10,14.8,-0.20,-1.35,0,0,0
AGR,07/07/2010,15.2,15.2,14.8,14.8,37080,15.50,14.10,14.8,0.00,0.00,0,0,2000
AGR,07/06/2010,15.0,15.3,14.8,14.8,76840,15.70,14.30,15.0,-0.20,-1.33,0,0,18000
AGR,07/05/2010,15.4,15.4,15.0,15.0,75230,16.10,14.70,15.4,-0.40,-2.60,0,0,0
AGR,07/02/2010,15.5,15.6,15.4,15.4,65020,16.10,14.70,15.4,0.00,0.00,0,0,0
AGR,07/01/2010,15.4,15.9,15.3,15.4,28270,16.00,14.60,15.3,0.10,0.65,0,0,0
AGR,06/30/2010,15.4,15.4,15.1,15.3,72080,16.20,14.80,15.5,-0.20,-1.29,0,0,0
AGR,06/29/2010,0.0,15.8,15.5,15.5,38340,16.30,14.90,15.6,-0.10,-0.64,0,0,0
AGR,06/28/2010,0.0,15.9,15.5,15.6,29670,16.40,15.00,15.7,-0.10,-0.64,120000,0,0
AGR,06/25/2010,15.8,16.0,15.6,15.7,111460,16.90,15.30,16.1,-0.40,-2.48,0,0,0
AGR,06/24/2010,16.2,16.2,16.0,16.1,101230,17.00,15.40,16.2,-0.10,-0.62,0,0,0
AGR,06/23/2010,16.0,16.2,16.0,16.2,154510,17.00,15.40,16.2,0.00,0.00,0,0,0
AGR,06/22/2010,16.1,16.4,16.0,16.2,115530,17.20,15.60,16.4,-0.20,-1.22,0,0,0
AGR,06/21/2010,16.3,16.4,16.2,16.4,94480,16.90,15.30,16.1,0.30,1.86,0,0,0
AGR,06/18/2010,16.0,16.2,16.0,16.1,148850,17.10,15.50,16.3,-0.20,-1.23,0,0,0
AGR,06/17/2010,16.0,16.4,16.0,16.3,74110,16.40,14.90,15.6,0.70,4.49,0,2000,0
AGR,06/16/2010,17.1,17.4,17.0,17.2,181610,17.80,16.20,17.0,0.20,1.18,0,0,0
AGR,06/15/2010,17.1,17.1,16.8,17.0,120910,17.70,16.10,16.9,0.10,0.59,0,0,0
AGR,06/14/2010,16.9,17.0,16.8,16.9,143030,17.70,16.10,16.9,0.00,0.00,0,0,0
AGR,06/11/2010,17.0,17.3,16.9,16.9,106820,17.70,16.10,16.9,0.00,0.00,0,0,0
AGR,06/10/2010,17.5,17.5,16.9,16.9,64000,18.30,16.70,17.5,-0.60,-3.43,0,0,40000
AGR,06/09/2010,17.9,17.9,17.3,17.5,71620,18.40,16.80,17.6,-0.10,-0.57,0,0,2000
AGR,06/08/2010,17.4,17.9,17.4,17.6,77280,18.70,17.10,17.9,-0.30,-1.68,0,0,0
AGR,06/07/2010,17.7,18.1,17.4,17.9,250520,18.40,16.80,17.6,0.30,1.70,0,0,200
AGR,06/04/2010,17.6,17.6,17.6,17.6,567180,17.60,16.00,16.8,0.80,4.76,0,0,2040
AGR,06/03/2010,16.8,17.0,16.7,16.8,77510,17.50,15.90,16.7,0.10,0.60,0,0,0
AGR,06/02/2010,16.6,16.9,16.5,16.7,62060,17.40,15.80,16.6,0.10,0.60,0,0,4000
AGR,06/01/2010,16.9,17.0,16.5,16.6,49360,17.60,16.00,16.8,-0.20,-1.19,0,0,50
AGR,05/31/2010,17.3,17.3,16.8,16.8,66860,18.00,16.40,17.2,-0.40,-2.33,0,0,0
AGR,05/28/2010,17.3,17.3,16.9,17.2,199290,17.40,15.80,16.6,0.60,3.61,0,300,0
AGR,05/27/2010,16.5,16.9,16.5,16.6,79700,17.30,15.70,16.5,0.10,0.61,0,40,0
AGR,05/26/2010,16.7,16.8,16.5,16.5,131490,17.30,15.70,16.5,0.00,0.00,0,0,0
AGR,05/25/2010,16.5,17.1,16.3,16.5,221030,17.60,16.00,16.8,-0.30,-1.79,0,30,0
AGR,05/24/2010,17.0,17.2,16.7,16.8,107730,17.60,16.00,16.8,0.00,0.00,0,6020,0
AGR,05/21/2010,16.8,17.0,16.8,16.8,203700,18.40,16.80,17.6,-0.80,-4.55,0,0,0
AGR,05/20/2010,16.2,17.6,16.2,17.6,142580,17.70,16.10,16.9,0.70,4.14,0,0,0
AGR,05/19/2010,18.0,18.0,16.9,16.9,84600,18.40,16.80,17.6,-0.70,-3.98,0,0,15000
AGR,05/18/2010,17.5,17.8,17.3,17.6,28960,18.60,17.00,17.8,-0.20,-1.12,0,0,0
AGR,05/17/2010,18.4,18.4,17.8,17.8,78950,19.10,17.30,18.2,-0.40,-2.20,0,0,5000
AGR,05/14/2010,17.7,18.2,17.7,18.2,77920,18.50,16.90,17.7,0.50,2.82,633460,0,0
AGR,05/13/2010,18.5,18.5,17.5,17.7,150330,19.00,17.20,18.1,-0.40,-2.21,0,0,0
AGR,05/12/2010,18.6,18.8,18.1,18.1,339570,19.90,18.10,19.0,-0.90,-4.74,0,0,0
AGR,05/11/2010,19.6,19.6,19.0,19.0,230890,20.50,18.70,19.6,-0.60,-3.06,0,0,24580
AGR,05/10/2010,19.8,19.8,18.6,19.6,281780,20.30,18.50,19.4,0.20,1.03,0,25000,14470
AGR,05/07/2010,19.4,19.4,19.2,19.4,576230,19.40,17.60,18.5,0.90,4.86,0,0,60000
AGR,05/06/2010,23.3,24.2,23.1,24.2,456270,24.20,22.00,23.1,1.10,4.76,0,1000,1000
AGR,05/05/2010,23.5,23.9,23.0,23.1,282930,24.90,22.70,23.8,-0.70,-2.94,20000,11000,3890
AGR,05/04/2010,23.7,24.3,23.6,23.8,347950,26.00,23.60,24.8,-1.00,-4.03,0,1050,5700
AGR,04/29/2010,25.7,25.7,24.5,24.8,789880,25.70,23.30,24.5,0.30,1.22,0,35000,10
AGR,04/28/2010,24.5,24.5,24.5,24.5,165070,24.50,22.30,23.4,1.10,4.70,0,0,0
AGR,04/27/2010,23.4,23.4,23.4,23.4,77280,23.40,21.20,22.3,1.10,4.93,1000000,10000,0
AGR,04/26/2010,22.3,22.3,22.3,22.3,116180,22.30,20.30,21.3,1.00,4.69,4968890,0,0
AGR,04/22/2010,20.9,21.3,20.5,21.3,173450,21.30,19.30,20.3,1.00,4.93,0,0,0
AGR,04/21/2010,20.3,20.5,20.2,20.3,46090,21.50,19.50,20.5,-0.20,-0.98,0,5100,0
AGR,04/20/2010,20.2,20.5,20.2,20.5,74000,21.20,19.20,20.2,0.30,1.49,0,0,0
AGR,04/19/2010,20.3,20.5,20.2,20.2,45600,21.60,19.60,20.6,-0.40,-1.94,0,0,0
AGR,04/16/2010,20.6,20.8,20.4,20.6,43890,21.40,19.40,20.4,0.20,0.98,0,1000,0
AGR,04/15/2010,20.4,20.4,20.2,20.4,78230,21.40,19.40,20.4,0.00,0.00,0,10000,0
AGR,04/14/2010,20.5,20.5,20.0,20.4,33830,21.50,19.50,20.5,-0.10,-0.49,0,0,0
AGR,04/13/2010,20.7,20.7,20.5,20.5,34570,21.60,19.60,20.6,-0.10,-0.49,0,0,0
AGR,04/12/2010,20.7,20.9,20.6,20.6,67090,21.70,19.70,20.7,-0.10,-0.48,0,0,0
AGR,04/09/2010,20.6,20.9,20.6,20.7,50660,21.60,19.60,20.6,0.10,0.49,0,0,0
AGR,04/08/2010,20.7,21.0,20.4,20.6,131830,22.00,20.00,21.0,-0.40,-1.90,0,0,0
AGR,04/07/2010,20.7,21.0,20.7,21.0,46610,21.80,19.80,20.8,0.20,0.96,0,0,0
AGR,04/06/2010,21.0,21.2,20.8,20.8,83180,21.80,19.80,20.8,0.00,0.00,0,30000,0
AGR,04/05/2010,20.6,21.0,20.5,20.8,41930,21.80,19.80,20.8,0.00,0.00,0,0,0
AGR,04/02/2010,21.1,21.1,20.8,20.8,39190,21.80,19.80,20.8,0.00,0.00,0,0,0
AGR,04/01/2010,20.5,21.0,20.3,20.8,42620,21.30,19.30,20.3,0.50,2.46,0,0,0
AGR,03/31/2010,20.1,20.7,20.1,20.3,42810,21.10,19.10,20.1,0.20,1.00,0,0,0
AGR,03/30/2010,20.6,20.7,20.1,20.1,121040,21.90,19.90,20.9,-0.80,-3.83,0,0,0
AGR,03/29/2010,21.5,21.5,20.9,20.9,41040,21.80,19.80,20.8,0.10,0.48,0,5220,0
AGR,03/26/2010,21.4,21.4,20.5,20.8,61700,22.00,20.00,21.0,-0.20,-0.95,0,4420,0
AGR,03/25/2010,21.7,21.8,20.9,21.0,125370,22.90,20.90,21.9,-0.90,-4.11,0,0,0
AGR,03/24/2010,21.3,21.9,21.3,21.9,90790,22.30,20.30,21.3,0.60,2.82,0,0,0
AGR,03/23/2010,22.0,22.0,21.3,21.3,54380,22.80,20.80,21.8,-0.50,-2.29,0,80,0
AGR,03/22/2010,22.1,22.2,21.8,21.8,131010,23.30,21.10,22.2,-0.40,-1.80,0,0,0
AGR,03/19/2010,22.5,22.7,22.0,22.2,93590,23.60,21.40,22.5,-0.30,-1.33,0,0,0
AGR,03/18/2010,22.5,22.6,22.1,22.5,44240,23.30,21.10,22.2,0.30,1.35,0,0,0
AGR,03/17/2010,23.5,23.6,22.2,22.2,107720,24.00,21.80,22.9,-0.70,-3.06,0,0,1500
AGR,03/16/2010,22.9,22.9,22.8,22.9,476510,22.90,20.90,21.9,1.00,4.57,0,0,0
AGR,03/15/2010,22.0,22.3,21.8,21.9,98410,23.10,20.90,22.0,-0.10,-0.45,0,0,0
AGR,03/12/2010,22.5,22.5,22.0,22.0,61910,23.10,20.90,22.0,0.00,0.00,0,0,0
AGR,03/11/2010,22.2,22.2,21.8,22.0,65530,23.10,20.90,22.0,0.00,0.00,0,0,0
AGR,03/10/2010,22.6,22.8,22.0,22.0,90200,24.00,21.80,22.9,-0.90,-3.93,0,0,0
AGR,03/09/2010,22.8,23.3,22.8,22.9,45000,24.40,22.20,23.3,-0.40,-1.72,0,0,0
AGR,03/08/2010,23.4,23.6,23.0,23.3,130550,23.60,21.40,22.5,0.80,3.56,0,0,0
AGR,03/05/2010,22.8,22.8,22.5,22.5,58020,23.90,21.70,22.8,-0.30,-1.32,0,5000,0
AGR,03/04/2010,22.9,22.9,22.0,22.8,277580,22.90,20.90,21.9,0.90,4.11,0,0,0
AGR,03/03/2010,22.0,22.0,21.3,21.9,27060,22.60,20.60,21.6,0.30,1.39,0,0,0
AGR,03/02/2010,21.7,22.0,21.5,21.6,66750,23.10,20.90,22.0,-0.40,-1.82,0,3900,0
AGR,03/01/2010,21.4,22.2,21.4,22.0,64870,22.80,20.80,21.8,0.20,0.92,350000,5700,5000
AGR,02/26/2010,21.6,21.8,21.4,21.8,44840,22.60,20.60,21.6,0.20,0.93,0,0,0
AGR,02/25/2010,0.0,22.1,21.5,21.6,34750,22.70,20.70,21.7,-0.10,-0.46,0,0,0
AGR,02/24/2010,21.2,21.8,21.2,21.7,42360,23.10,20.90,22.0,-0.30,-1.36,0,0,0
AGR,02/23/2010,22.0,22.1,21.7,22.0,13350,23.60,21.40,22.5,-0.50,-2.22,0,1000,0
AGR,02/22/2010,23.0,23.0,22.4,22.5,22350,23.50,21.30,22.4,0.10,0.45,0,100,1500
AGR,02/12/2010,21.6,22.5,21.6,22.4,61750,22.60,20.60,21.6,0.80,3.70,0,500,0
AGR,02/11/2010,21.8,21.8,21.4,21.6,47720,22.40,20.40,21.4,0.20,0.93,20000,0,0
AGR,02/10/2010,21.5,21.6,21.3,21.4,13440,21.80,19.80,20.8,0.60,2.88,0,0,1000
AGR,02/09/2010,20.9,21.4,20.8,20.8,63980,22.30,20.30,21.3,-0.50,-2.35,0,0,1000
AGR,02/08/2010,21.9,21.9,21.3,21.3,24640,22.40,20.40,21.4,-0.10,-0.47,0,5000,1000
AGR,02/05/2010,22.0,22.0,21.4,21.4,107160,23.10,20.90,22.0,-0.60,-2.73,0,0,0
AGR,02/04/2010,22.0,22.5,21.6,22.0,23350,23.10,20.90,22.0,0.00,0.00,0,3960,0
AGR,02/03/2010,21.5,22.0,21.5,22.0,56860,22.50,20.50,21.5,0.50,2.33,0,1040,7000
AGR,02/02/2010,21.6,21.6,21.2,21.5,115600,22.60,20.60,21.6,-0.10,-0.46,2852430,10000,0
AGR,02/01/2010,21.4,21.8,21.4,21.6,21410,22.60,20.60,21.6,0.00,0.00,0,0,0
AGR,01/29/2010,22.0,22.2,21.3,21.6,99210,23.20,21.00,22.1,-0.50,-2.26,0,0,0
AGR,01/28/2010,22.8,22.8,22.1,22.1,51400,23.90,21.70,22.8,-0.70,-3.07,0,0,0
AGR,01/27/2010,23.1,23.7,22.8,22.8,95470,25.00,22.80,23.9,-1.10,-4.60,0,0,0
AGR,01/26/2010,23.0,23.9,23.0,23.9,194690,24.00,21.80,22.9,1.00,4.37,0,0,0
AGR,01/25/2010,22.5,23.0,22.3,22.9,72260,24.10,21.90,23.0,-0.10,-0.43,40000,20000,0
AGR,01/22/2010,22.2,23.1,22.2,23.0,100710,24.10,21.90,23.0,0.00,0.00,255870,0,0
AGR,01/21/2010,22.8,23.4,22.5,23.0,201070,23.90,21.70,22.8,0.20,0.88,0,41040,0
AGR,01/20/2010,22.6,23.5,22.6,22.8,327050,24.60,22.40,23.5,-0.70,-2.98,0,10000,0
AGR,01/19/2010,23.5,24.0,23.5,23.5,974900,25.90,23.50,24.7,-1.20,-4.86,0,30000,0
AGR,01/18/2010,25.0,25.3,24.7,24.7,306720,27.30,24.70,26.0,-1.30,-5.00,0,29810,4000
AGR,01/15/2010,26.5,26.6,25.8,26.0,200790,27.90,25.30,26.6,-0.60,-2.26,0,65240,0
AGR,01/14/2010,27.4,27.4,26.5,26.6,275580,27.70,25.10,26.4,0.20,0.76,0,50000,1000
AGR,01/13/2010,25.7,26.4,24.5,26.4,216360,26.90,24.50,25.7,0.70,2.72,0,3380,35000
AGR,01/12/2010,26.8,27.7,25.7,25.7,211180,28.30,25.70,27.0,-1.30,-4.81,0,0,0
AGR,01/11/2010,27.5,27.6,26.0,27.0,284470,27.90,25.30,26.6,0.40,1.50,0,40000,8000
AGR,01/08/2010,29.2,29.2,26.6,26.6,465330,29.20,26.60,27.9,-1.30,-4.66,0,70000,1000
AGR,01/07/2010,27.9,27.9,26.6,27.9,582470,27.90,25.30,26.6,1.30,4.89,0,57570,85000
AGR,01/06/2010,25.1,26.6,24.8,26.6,445200,26.60,24.20,25.4,1.20,4.72,0,178000,0
AGR,01/05/2010,26.3,26.4,25.2,25.4,528380,26.40,24.00,25.2,0.20,0.79,0,73050,500
AGR,01/04/2010,24.5,25.2,24.5,25.2,302470,25.20,22.80,24.0,1.20,5.00,0,5050,0
AGR,12/31/2009,24.8,25.0,23.8,24.0,207850,25.20,22.80,24.0,0.00,0.00,0,300,0
AGR,12/30/2009,25.0,25.0,23.9,24.0,139110,25.00,22.80,23.9,0.10,0.42,0,0,0
AGR,12/29/2009,24.0,25.0,23.9,23.9,156660,26.30,23.90,25.1,-1.20,-4.78,50000,0,0
AGR,12/28/2009,25.0,26.5,25.0,25.1,163320,27.60,25.00,26.3,-1.20,-4.56,300000,20000,0
AGR,12/25/2009,26.0,26.3,25.1,26.3,395360,26.30,23.90,25.1,1.20,4.78,0,0,0
AGR,12/24/2009,24.0,25.3,23.8,25.1,362380,25.30,22.90,24.1,1.00,4.15,0,11500,0
AGR,12/23/2009,24.1,25.0,24.0,24.1,214170,25.90,23.50,24.7,-0.60,-2.43,0,0,0
AGR,12/22/2009,24.7,24.7,22.6,24.7,908170,24.70,22.50,23.6,1.10,4.66,0,41850,0
AGR,12/21/2009,23.6,23.6,23.6,23.6,10310,23.60,21.40,22.5,1.10,4.89,0,0,0
AGR,12/18/2009,22.5,22.5,22.5,22.5,123610,22.50,20.50,21.5,1.00,4.65,0,42920,0
AGR,12/17/2009,20.0,21.8,20.0,21.5,336680,22.00,20.00,21.0,0.50,2.38,141000,3100,0
AGR,12/16/2009,21.0,21.0,21.0,21.0,64820,23.20,21.00,22.1,-1.10,-4.98,0,1000,0
AGR,12/15/2009,22.4,23.2,22.1,22.1,134640,24.30,22.10,23.2,-1.10,-4.74,0,4600,0
AGR,12/14/2009,23.2,24.9,23.2,23.2,346050,25.60,23.20,24.4,-1.20,-4.92,0,85000,0
AGR,12/11/2009,24.4,24.4,24.4,24.4,58390,26.80,24.40,25.6,-1.20,-4.69,135000,0,0
AGR,12/10/2009,25.6,29.0,25.6,25.6,504100,38.40,25.60,0.0,25.60,0.00,0,40000,0
