MaCK,Ngay,GiaMoCua,GiaCaoNhat,GiaThapNhat,GiaDongCua,KhoiLuongGD,GiaTran,GiaSan,GiaThamChieu,TangGiam,%,GDThoaThuan,NNMua,NNBan
CCI,08/06/2010,0.0,28.3,27.0,28.0,32150,29.60,26.80,28.2,-0.20,-0.71,0,0,0
CCI,08/05/2010,0.0,28.5,28.2,28.2,2270,29.70,26.90,28.3,-0.10,-0.35,0,0,0
CCI,08/04/2010,0.0,28.5,28.3,28.3,24080,30.00,27.20,28.6,-0.30,-1.05,0,0,0
CCI,08/03/2010,0.0,29.1,28.5,28.6,5250,29.90,27.10,28.5,0.10,0.35,0,0,0
CCI,08/02/2010,29.1,29.1,28.4,28.5,15380,29.80,27.00,28.4,0.10,0.35,0,0,0
CCI,07/30/2010,28.4,29.0,28.4,28.4,35440,29.80,27.00,28.4,0.00,0.00,0,0,0
CCI,07/29/2010,28.8,28.8,28.4,28.4,12540,29.80,27.00,28.4,0.00,0.00,0,0,0
CCI,07/28/2010,0.0,29.0,28.3,28.4,7320,30.00,27.20,28.6,-0.20,-0.70,0,0,0
CCI,07/27/2010,0.0,28.9,28.6,28.6,15740,30.10,27.30,28.7,-0.10,-0.35,0,0,0
CCI,07/26/2010,29.0,29.1,28.6,28.7,16560,30.40,27.60,29.0,-0.30,-1.03,0,0,0
CCI,07/23/2010,28.5,29.1,28.5,29.0,24070,30.40,27.60,29.0,0.00,0.00,0,0,0
CCI,07/22/2010,29.0,29.0,28.8,29.0,9910,30.40,27.60,29.0,0.00,0.00,0,0,0
CCI,07/21/2010,28.9,29.6,28.9,29.0,26220,30.40,27.60,29.0,0.00,0.00,0,0,0
CCI,07/20/2010,0.0,29.9,28.9,29.0,21020,30.30,27.50,28.9,0.10,0.35,0,0,0
CCI,07/19/2010,28.4,28.9,28.4,28.9,3690,30.10,27.30,28.7,0.20,0.70,0,0,0
CCI,07/16/2010,0.0,29.0,28.7,28.7,5890,30.30,27.50,28.9,-0.20,-0.69,0,0,0
CCI,07/15/2010,0.0,29.0,28.7,28.9,10310,30.10,27.30,28.7,0.20,0.70,0,0,0
CCI,07/14/2010,30.0,30.0,28.7,28.7,10600,30.30,27.50,28.9,-0.20,-0.69,0,0,0
CCI,07/13/2010,28.4,28.9,28.4,28.9,14640,29.80,27.00,28.4,0.50,1.76,0,0,0
CCI,07/12/2010,29.0,29.0,28.4,28.4,7170,29.80,27.00,28.4,0.00,0.00,0,0,0
CCI,07/09/2010,0.0,28.9,28.4,28.4,5150,30.20,27.40,28.8,-0.40,-1.39,0,0,0
CCI,07/08/2010,0.0,29.3,28.8,28.8,10470,30.70,27.90,29.3,-0.50,-1.71,0,0,0
CCI,07/07/2010,29.8,29.8,28.5,29.3,5820,30.30,27.50,28.9,0.40,1.38,0,0,0
CCI,07/06/2010,29.5,29.5,28.9,28.9,20300,30.90,28.10,29.5,-0.60,-2.03,0,0,0
CCI,07/05/2010,29.5,29.7,29.5,29.5,11910,31.10,28.30,29.7,-0.20,-0.67,0,0,0
CCI,07/02/2010,0.0,29.8,29.0,29.7,2420,31.20,28.40,29.8,-0.10,-0.34,0,0,0
CCI,07/01/2010,29.0,29.9,29.0,29.8,3110,31.50,28.50,30.0,-0.20,-0.67,0,0,0
CCI,06/30/2010,28.7,30.0,28.7,30.0,18720,31.60,28.60,30.1,-0.10,-0.33,0,0,0
CCI,06/29/2010,0.0,30.5,30.0,30.1,11120,31.60,28.60,30.1,0.00,0.00,0,0,0
CCI,06/28/2010,30.2,30.2,29.0,30.1,10770,31.10,28.30,29.7,0.40,1.35,0,40,0
CCI,06/25/2010,28.3,30.0,28.3,29.7,22030,30.40,27.60,29.0,0.70,2.41,0,0,0
CCI,06/24/2010,29.8,29.8,28.7,29.0,7590,30.10,27.30,28.7,0.30,1.05,0,0,0
CCI,06/23/2010,28.7,29.5,28.7,28.7,18530,30.90,28.10,29.5,-0.80,-2.71,0,0,0
CCI,06/22/2010,29.4,30.5,29.4,29.5,7360,31.50,28.50,30.0,-0.50,-1.67,0,0,0
CCI,06/21/2010,30.5,31.0,30.0,30.0,19500,31.90,28.90,30.4,-0.40,-1.32,0,0,0
CCI,06/18/2010,31.3,31.3,30.4,30.4,16400,32.60,29.60,31.1,-0.70,-2.25,0,40,0
CCI,06/17/2010,30.1,31.1,29.7,31.1,42810,31.10,28.30,29.7,1.40,4.71,0,0,0
CCI,06/16/2010,0.0,29.9,29.6,29.7,21820,31.00,28.20,29.6,0.10,0.34,0,0,0
CCI,06/15/2010,29.5,29.8,28.6,29.6,11110,30.90,28.10,29.5,0.10,0.34,0,0,0
CCI,06/14/2010,29.4,29.5,29.4,29.5,39130,29.50,26.70,28.1,1.40,4.98,0,0,0
CCI,06/11/2010,0.0,29.9,28.1,28.1,10620,30.00,27.20,28.6,-0.50,-1.75,0,0,0
CCI,06/10/2010,0.0,29.5,28.0,28.6,25520,30.00,27.20,28.6,0.00,0.00,0,0,0
CCI,06/09/2010,29.7,29.8,28.2,28.6,57200,31.00,28.20,29.6,-1.00,-3.38,0,0,0
CCI,06/08/2010,0.0,30.9,29.5,29.6,20590,32.40,29.40,30.9,-1.30,-4.21,0,0,0
CCI,06/07/2010,30.1,30.9,30.0,30.9,39230,33.00,30.00,31.5,-0.60,-1.90,0,0,0
CCI,06/04/2010,32.0,32.0,31.5,31.5,11790,33.30,30.30,31.8,-0.30,-0.94,0,0,0
CCI,06/03/2010,32.1,32.5,31.5,31.8,23620,33.30,30.30,31.8,0.00,0.00,0,0,0
CCI,06/02/2010,0.0,32.8,31.4,31.8,8110,34.60,31.40,33.0,-1.20,-3.64,0,0,0
CCI,06/01/2010,31.8,33.7,31.8,33.0,7170,34.70,31.50,33.1,-0.10,-0.30,0,0,0
CCI,05/31/2010,33.2,33.2,32.2,33.1,39770,33.90,30.70,32.3,0.80,2.48,0,0,0
CCI,05/28/2010,31.9,32.3,31.0,32.3,67050,32.30,29.30,30.8,1.50,4.87,0,0,0
CCI,05/27/2010,31.1,31.1,30.7,30.8,49380,33.90,30.70,32.3,-1.50,-4.64,0,0,0
CCI,05/26/2010,0.0,32.5,32.0,32.3,10770,34.10,30.90,32.5,-0.20,-0.62,0,0,0
CCI,05/25/2010,0.0,32.5,32.0,32.5,14120,33.60,30.40,32.0,0.50,1.56,0,0,0
CCI,05/24/2010,0.0,32.6,32.0,32.0,6720,32.80,29.80,31.3,0.70,2.24,0,0,0
CCI,05/21/2010,31.3,32.5,31.3,31.3,55480,34.50,31.30,32.9,-1.60,-4.86,0,0,0
CCI,05/20/2010,31.1,32.9,31.1,32.9,58930,34.30,31.10,32.7,0.20,0.61,0,0,0
CCI,05/19/2010,32.8,32.9,32.7,32.7,73410,36.10,32.70,34.4,-1.70,-4.94,0,0,0
CCI,05/18/2010,35.0,35.0,33.8,34.4,17840,35.10,31.90,33.5,0.90,2.69,0,0,0
CCI,05/17/2010,0.0,35.5,33.5,33.5,69850,36.80,33.40,35.1,-1.60,-4.56,0,0,0
CCI,05/14/2010,38.0,38.0,35.1,35.1,68020,38.40,34.80,36.6,-1.50,-4.10,0,0,0
CCI,05/13/2010,38.0,38.0,36.2,36.6,44230,38.40,34.80,36.6,0.00,0.00,0,0,0
CCI,05/12/2010,36.7,36.7,36.6,36.6,118660,40.40,36.60,38.5,-1.90,-4.94,0,0,0
CCI,05/11/2010,38.9,40.3,38.5,38.5,75140,42.50,38.50,40.5,-2.00,-4.94,0,0,0
CCI,05/10/2010,41.4,41.4,40.5,40.5,91020,44.70,40.50,42.6,-2.10,-4.93,44250,0,0
CCI,05/07/2010,44.8,44.8,42.1,42.6,110410,44.90,40.70,42.8,-0.20,-0.47,0,0,0
CCI,05/06/2010,42.7,42.8,41.0,42.8,235020,42.80,38.80,40.8,2.00,4.90,0,20,0
CCI,05/05/2010,40.9,40.9,40.5,40.8,287240,40.90,37.10,39.0,1.80,4.62,20000,0,0
CCI,05/04/2010,38.4,39.0,38.0,39.0,198070,39.00,35.40,37.2,1.80,4.84,100555,0,0
CCI,04/29/2010,0.0,37.6,37.0,37.2,59000,40.30,36.50,38.4,-1.20,-3.13,0,0,0
CCI,04/28/2010,37.0,38.4,37.0,38.4,61010,39.50,35.90,37.7,0.70,1.86,0,0,0
CCI,04/27/2010,36.5,38.3,36.5,37.7,100490,38.30,34.70,36.5,1.20,3.29,0,0,0
CCI,04/26/2010,35.5,36.5,35.5,36.5,39770,38.70,35.10,36.9,-0.40,-1.08,0,0,0
CCI,04/22/2010,36.5,37.0,36.5,36.9,120790,39.50,35.90,37.7,-0.80,-2.12,0,0,0
CCI,04/21/2010,37.7,37.7,37.7,37.7,38250,41.50,37.70,39.6,-1.90,-4.80,0,0,0
CCI,04/20/2010,41.0,41.0,37.7,39.6,44570,41.50,37.70,39.6,0.00,0.00,0,0,0
CCI,04/19/2010,39.6,39.6,39.6,39.6,90740,39.60,36.00,37.8,1.80,4.76,0,4500,0
CCI,04/16/2010,37.8,37.8,37.8,37.8,15450,37.80,34.20,36.0,1.80,5.00,0,0,0
CCI,04/15/2010,36.0,36.0,36.0,36.0,104830,36.00,24.00,0.0,36.00,0.00,0,0,0
