MaCK,Ngay,GiaMoCua,GiaCaoNhat,GiaThapNhat,GiaDongCua,KhoiLuongGD,GiaTran,GiaSan,GiaThamChieu,TangGiam,%,GDThoaThuan,NNMua,NNBan
CKV,08/06/2010,18.5,18.5,17.8,17.9,14800,19.20,16.80,18.0,-0.10,-0.56,0,0,0
CKV,08/05/2010,18.2,18.2,17.9,18.0,25000,19.20,16.80,18.0,0.00,0.00,0,0,0
CKV,08/04/2010,17.6,18.2,17.6,18.0,11100,19.40,17.00,18.2,-0.20,-1.10,0,0,0
CKV,08/03/2010,18.4,18.4,18.1,18.2,30900,19.60,17.20,18.4,-0.20,-1.09,0,0,0
CKV,08/02/2010,18.8,18.9,18.3,18.4,13500,20.10,17.50,18.8,-0.40,-2.13,0,0,0
CKV,07/30/2010,18.7,19.0,18.7,18.8,21500,20.00,17.40,18.7,0.10,0.53,0,0,0
CKV,07/29/2010,18.5,19.1,18.3,18.7,11800,19.50,17.10,18.3,0.40,2.19,0,0,0
CKV,07/28/2010,18.8,18.8,18.1,18.3,36100,19.70,17.30,18.5,-0.20,-1.08,0,0,0
CKV,07/27/2010,19.0,19.0,18.3,18.5,19800,20.00,17.40,18.7,-0.20,-1.07,0,0,0
CKV,07/26/2010,19.3,19.5,18.5,18.7,65900,20.80,18.20,19.5,-0.80,-4.10,0,0,0
CKV,07/23/2010,19.8,19.8,19.2,19.5,23100,20.90,18.30,19.6,-0.10,-0.51,0,0,0
CKV,07/22/2010,19.5,20.0,19.3,19.6,36800,22.10,19.30,20.7,-1.10,-5.31,0,0,0
CKV,07/21/2010,22.0,22.5,20.2,20.7,40700,23.10,20.10,21.6,-0.90,-4.17,0,0,0
CKV,07/20/2010,21.5,21.8,21.0,21.6,92700,21.80,19.00,20.4,1.20,5.88,0,0,0
CKV,07/19/2010,20.0,20.7,19.7,20.4,160500,20.70,18.10,19.4,1.00,5.15,0,0,0
CKV,07/16/2010,18.7,19.4,18.7,19.4,84100,19.40,17.00,18.2,1.20,6.59,0,0,0
CKV,07/15/2010,17.8,18.8,17.8,18.2,23100,20.00,17.40,18.7,-0.50,-2.67,0,0,0
CKV,07/14/2010,19.0,19.0,18.6,18.7,11300,20.00,17.40,18.7,0.00,0.00,0,0,0
CKV,07/13/2010,19.0,19.0,18.1,18.7,13400,19.90,17.30,18.6,0.10,0.54,0,0,0
CKV,07/12/2010,18.6,18.7,18.6,18.6,8100,19.90,17.30,18.6,0.00,0.00,0,0,0
CKV,07/09/2010,19.6,19.7,18.3,18.6,41100,19.70,17.30,18.5,0.10,0.54,0,0,0
CKV,07/08/2010,19.8,19.8,18.3,18.5,26800,20.00,17.40,18.7,-0.20,-1.07,0,0,0
CKV,07/07/2010,19.8,19.9,18.4,18.7,45700,19.90,17.30,18.6,0.10,0.54,0,0,0
CKV,07/06/2010,20.0,20.0,18.5,18.6,37900,21.10,18.50,19.8,-1.20,-6.06,200000,100,0
CKV,07/05/2010,20.2,20.5,19.0,19.8,31400,20.70,18.10,19.4,0.40,2.06,0,0,0
CKV,07/02/2010,19.0,19.5,19.0,19.4,49600,19.50,17.10,18.3,1.10,6.01,0,0,0
CKV,07/01/2010,18.0,18.9,18.0,18.3,38300,19.90,17.30,18.6,-0.30,-1.61,0,0,0
CKV,06/30/2010,18.6,19.0,18.4,18.6,35800,20.90,18.30,19.6,-1.00,-5.10,46500,0,0
CKV,06/29/2010,21.2,21.2,19.6,19.6,26900,22.00,19.20,20.6,-1.00,-4.85,0,0,0
CKV,06/28/2010,21.0,21.0,20.1,20.6,44800,21.50,18.70,20.1,0.50,2.49,0,0,0
CKV,06/25/2010,20.2,20.2,18.9,20.1,152000,20.20,17.60,18.9,1.20,6.35,0,0,0
CKV,06/24/2010,18.0,19.1,18.0,18.9,190200,19.10,16.70,17.9,1.00,5.59,0,0,0
CKV,06/23/2010,17.8,18.2,17.7,17.9,24000,19.30,16.90,18.1,-0.20,-1.10,0,0,0
CKV,06/22/2010,18.9,18.9,17.6,18.1,9000,19.90,17.30,18.6,-0.50,-2.69,0,0,0
CKV,06/21/2010,18.8,18.9,18.4,18.6,33600,19.50,17.10,18.3,0.30,1.64,0,0,0
CKV,06/18/2010,18.3,19.0,17.7,18.3,45400,19.10,16.70,17.9,0.40,2.23,0,0,0
CKV,06/17/2010,18.2,18.2,17.7,17.9,21600,19.60,17.20,18.4,-0.50,-2.72,0,0,0
CKV,06/16/2010,18.7,18.7,17.9,18.4,14600,19.70,17.30,18.5,-0.10,-0.54,0,0,0
CKV,06/15/2010,18.4,18.9,18.0,18.5,47600,19.20,16.80,18.0,0.50,2.78,0,0,0
CKV,06/14/2010,17.8,18.4,17.6,18.0,70200,18.80,16.40,17.6,0.40,2.27,0,0,0
CKV,06/11/2010,17.5,17.9,17.5,17.6,10500,18.70,16.30,17.5,0.10,0.57,0,0,0
CKV,06/10/2010,17.8,17.8,17.2,17.5,5900,19.00,16.60,17.8,-0.30,-1.69,0,0,0
CKV,06/09/2010,17.8,17.8,17.4,17.8,25900,17.80,15.60,16.7,1.10,6.59,0,0,0
CKV,06/08/2010,17.7,17.7,16.5,16.7,70600,18.90,16.50,17.7,-1.00,-5.65,0,0,0
CKV,06/07/2010,18.8,18.8,17.0,17.7,13200,18.80,16.40,17.6,0.10,0.57,0,0,0
CKV,06/04/2010,18.0,18.0,16.9,17.6,14600,19.00,16.60,17.8,-0.20,-1.12,0,0,0
CKV,06/03/2010,18.7,18.7,17.6,17.8,6100,18.80,16.40,17.6,0.20,1.14,0,0,0
CKV,06/02/2010,18.6,18.6,18.3,18.4,27500,19.90,17.30,18.6,-0.20,-1.08,0,0,0
CKV,06/01/2010,19.0,19.0,18.6,18.6,22100,21.40,18.60,20.0,-1.40,-7.00,0,0,0
CKV,05/31/2010,19.4,20.2,19.4,20.0,48500,20.20,17.60,18.9,1.10,5.82,0,0,0
CKV,05/28/2010,18.8,19.2,18.5,18.9,33900,19.20,16.80,18.0,0.90,5.00,0,0,0
CKV,05/27/2010,18.4,18.4,17.8,18.0,11100,19.00,16.60,17.8,0.20,1.12,75000,0,0
CKV,05/26/2010,17.5,18.2,17.0,17.8,22600,18.70,16.30,17.5,0.30,1.71,0,0,0
CKV,05/25/2010,17.9,17.9,17.0,17.5,7400,18.10,15.90,17.0,0.50,2.94,0,0,0
CKV,05/24/2010,16.5,17.2,16.5,17.0,8900,17.50,15.30,16.4,0.60,3.66,0,0,0
CKV,05/21/2010,16.3,17.0,16.3,16.4,38800,18.70,16.30,17.5,-1.10,-6.29,0,0,0
CKV,05/20/2010,17.8,18.2,16.8,17.5,48900,18.80,16.40,17.6,-0.10,-0.57,5000,0,0
CKV,05/19/2010,18.6,18.6,17.4,17.6,68300,20.00,17.40,18.7,-1.10,-5.88,0,0,0
CKV,05/18/2010,18.9,19.0,18.6,18.7,28700,21.20,18.60,19.9,-1.20,-6.03,0,0,0
CKV,05/17/2010,21.5,21.5,18.8,19.9,18700,21.60,18.80,20.2,-0.30,-1.49,0,0,0
CKV,05/14/2010,19.5,20.3,19.5,20.2,42900,20.30,17.70,19.0,1.20,6.32,0,0,0
CKV,05/13/2010,19.0,19.8,18.9,19.0,59500,21.70,18.90,20.3,-1.30,-6.40,0,0,0
CKV,05/12/2010,20.3,20.3,20.3,20.3,15700,23.30,20.30,21.8,-1.50,-6.88,100000,0,0
CKV,05/11/2010,24.0,24.0,21.7,21.8,6000,24.90,21.70,23.3,-1.50,-6.44,0,0,0
CKV,05/10/2010,23.1,24.8,23.1,23.3,16600,26.50,23.10,24.8,-1.50,-6.05,0,0,0
CKV,05/07/2010,24.9,24.9,23.1,24.8,468500,24.90,21.70,23.3,1.50,6.44,0,0,0
CKV,05/06/2010,23.3,23.3,23.3,23.3,49500,23.30,20.30,21.8,1.50,6.88,0,0,0
CKV,05/05/2010,21.8,21.8,21.8,21.8,104300,21.80,19.00,20.4,1.40,6.86,0,0,0
CKV,05/04/2010,20.2,20.4,20.2,20.4,104500,20.40,17.80,19.1,1.30,6.81,0,0,0
CKV,04/29/2010,18.9,19.6,18.6,19.1,68500,20.40,17.80,19.1,0.00,0.00,0,0,0
CKV,04/28/2010,18.6,19.4,18.5,19.1,28000,19.90,17.30,18.6,0.50,2.69,0,0,0
CKV,04/27/2010,20.0,20.0,18.1,18.6,31900,20.70,18.10,19.4,-0.80,-4.12,0,0,0
CKV,04/26/2010,19.4,19.5,19.4,19.4,12200,22.20,19.40,20.8,-1.40,-6.73,15000,0,0
CKV,04/22/2010,22.8,22.8,20.0,20.8,61400,22.80,20.00,21.4,-0.60,-2.80,0,0,0
CKV,04/21/2010,20.5,21.4,20.5,21.4,65400,21.40,18.60,20.0,1.40,7.00,0,0,0
CKV,04/20/2010,20.0,20.2,19.8,20.0,76600,21.50,18.70,20.1,-0.10,-0.50,0,0,0
CKV,04/19/2010,19.5,20.5,19.5,20.1,88600,20.60,18.00,19.3,0.80,4.15,0,0,0
CKV,04/16/2010,19.0,19.5,18.9,19.3,44700,19.50,17.10,18.3,1.00,5.46,0,0,0
CKV,04/15/2010,18.3,18.5,18.1,18.3,20200,19.30,16.90,18.1,0.20,1.10,0,0,0
CKV,04/14/2010,19.0,19.0,17.8,18.1,20800,20.00,17.40,18.7,-0.60,-3.21,0,0,0
CKV,04/13/2010,20.4,20.4,18.1,18.7,36700,20.70,18.10,19.4,-0.70,-3.61,0,0,0
CKV,04/12/2010,21.0,21.0,19.0,19.4,33300,21.50,18.70,20.1,-0.70,-3.48,0,0,0
CKV,04/09/2010,20.1,20.2,19.5,20.1,66600,20.20,17.60,18.9,1.20,6.35,0,0,0
CKV,04/08/2010,18.8,19.2,18.2,18.9,49100,19.20,16.80,18.0,0.90,5.00,0,0,0
CKV,04/07/2010,17.7,18.2,17.7,18.0,30300,19.30,16.90,18.1,-0.10,-0.55,0,0,0
CKV,04/06/2010,18.5,18.6,17.7,18.1,41100,19.30,16.90,18.1,0.00,0.00,0,0,0
CKV,04/05/2010,19.0,19.0,17.9,18.1,14900,20.20,17.60,18.9,-0.80,-4.23,0,0,2000
CKV,04/02/2010,19.0,19.0,18.2,18.9,8400,19.60,17.20,18.4,0.50,2.72,0,0,0
CKV,04/01/2010,18.0,18.7,18.0,18.4,4200,19.30,16.90,18.1,0.30,1.66,0,0,0
CKV,03/31/2010,18.0,18.5,17.7,18.1,29600,20.30,17.70,19.0,-0.90,-4.74,0,0,0
CKV,03/30/2010,20.0,20.0,18.7,19.0,56300,21.50,18.70,20.1,-1.10,-5.47,0,0,2000
CKV,03/29/2010,20.0,20.6,19.6,20.1,17800,20.60,18.00,19.3,0.80,4.15,0,0,0
CKV,03/26/2010,20.0,20.0,18.9,19.3,73700,21.70,18.90,20.3,-1.00,-4.93,0,0,0
CKV,03/25/2010,20.5,20.7,19.9,20.3,27400,22.30,19.50,20.9,-0.60,-2.87,0,0,0
CKV,03/24/2010,21.9,21.9,20.6,20.9,33000,23.60,20.60,22.1,-1.20,-5.43,0,0,0
CKV,03/23/2010,24.0,24.0,21.7,22.1,29100,24.90,21.70,23.3,-1.20,-5.15,0,1000,0
CKV,03/22/2010,23.5,23.6,22.5,23.3,46300,23.60,20.60,22.1,1.20,5.43,0,0,0
CKV,03/19/2010,21.8,23.3,21.8,22.1,71300,25.00,21.80,23.4,-1.30,-5.56,0,0,0
CKV,03/18/2010,24.4,25.8,22.9,23.4,135800,26.30,22.90,24.6,-1.20,-4.88,0,0,0
CKV,03/17/2010,24.6,24.6,23.0,24.6,259300,24.60,21.40,23.0,1.60,6.96,0,3000,0
CKV,03/16/2010,23.0,23.0,23.0,23.0,47200,23.00,20.00,21.5,1.50,6.98,0,0,0
CKV,03/15/2010,21.5,21.5,21.5,21.5,14500,21.50,18.70,20.1,1.40,6.97,0,0,0
CKV,03/12/2010,20.1,20.1,20.1,20.1,63900,20.10,17.50,18.8,1.30,6.91,0,0,0
CKV,03/11/2010,15.2,20.0,15.2,18.8,167500,0.00,0.00,0.0,18.80,0.00,0,0,0
