MaCK,Ngay,GiaMoCua,GiaCaoNhat,GiaThapNhat,GiaDongCua,KhoiLuongGD,GiaTran,GiaSan,GiaThamChieu,TangGiam,%,GDThoaThuan,NNMua,NNBan
CPC,08/06/2010,23.2,23.2,23.0,23.1,65300,24.80,21.60,23.2,-0.10,-0.43,0,0,0
CPC,08/05/2010,23.1,23.8,23.0,23.2,34900,24.60,21.40,23.0,0.20,0.87,0,0,0
CPC,08/04/2010,23.2,23.3,22.9,23.0,97700,24.90,21.70,23.3,-0.30,-1.29,0,0,0
CPC,08/03/2010,24.3,24.3,23.0,23.3,83200,25.20,22.00,23.6,-0.30,-1.27,0,0,0
CPC,08/02/2010,24.0,24.1,23.3,23.6,106800,25.70,22.50,24.1,-0.50,-2.07,0,0,0
CPC,07/30/2010,24.5,24.5,23.8,24.1,29800,25.40,22.20,23.8,0.30,1.26,0,0,600
CPC,07/29/2010,23.5,24.0,23.1,23.8,41200,24.90,21.70,23.3,0.50,2.15,0,0,0
CPC,07/28/2010,23.8,24.0,22.8,23.3,216500,25.50,22.30,23.9,-0.60,-2.51,0,0,0
CPC,07/27/2010,23.5,25.0,23.5,23.9,219000,26.60,23.20,24.9,-1.00,-4.02,0,0,0
CPC,07/26/2010,25.2,26.0,24.4,24.9,180400,28.00,24.40,26.2,-1.30,-4.96,0,100,4000
CPC,07/23/2010,27.5,27.8,25.7,26.2,60500,29.10,25.30,27.2,-1.00,-3.68,0,0,0
CPC,07/22/2010,27.0,28.3,26.8,27.2,143000,30.80,26.80,28.8,-1.60,-5.56,0,2000,0
CPC,07/21/2010,29.8,29.9,28.0,28.8,186800,29.90,26.10,28.0,0.80,2.86,0,0,0
CPC,07/20/2010,28.0,28.0,27.5,28.0,379500,28.00,24.40,26.2,1.80,6.87,0,7000,0
CPC,07/19/2010,24.7,26.4,24.7,26.2,321500,26.40,23.00,24.7,1.50,6.07,0,2000,0
CPC,07/16/2010,24.6,25.3,24.2,24.7,109700,27.10,23.70,25.4,-0.70,-2.76,10000,0,0
CPC,07/15/2010,24.8,26.0,24.8,25.4,81900,26.70,23.30,25.0,0.40,1.60,0,2500,0
CPC,07/14/2010,27.4,27.4,24.5,25.0,78600,27.40,24.00,25.7,-0.70,-2.72,0,0,0
CPC,07/13/2010,25.7,25.7,25.5,25.7,175800,25.70,22.50,24.1,1.60,6.64,0,0,0
CPC,07/12/2010,23.0,24.2,23.0,24.1,309900,24.20,21.20,22.7,1.40,6.17,0,0,0
CPC,07/09/2010,22.6,23.0,22.5,22.7,32200,24.00,21.00,22.5,0.20,0.89,0,0,0
CPC,07/08/2010,22.5,22.5,22.5,22.5,7100,24.00,21.00,22.5,0.00,0.00,0,0,0
CPC,07/07/2010,22.3,23.3,22.3,22.5,27200,23.70,20.70,22.2,0.30,1.35,0,0,0
CPC,07/06/2010,22.6,22.6,21.9,22.2,21700,24.10,21.10,22.6,-0.40,-1.77,0,0,0
CPC,07/05/2010,22.5,22.7,22.5,22.6,8300,24.20,21.20,22.7,-0.10,-0.44,0,0,0
CPC,07/02/2010,22.7,22.8,22.6,22.7,37100,24.10,21.10,22.6,0.10,0.44,0,0,0
CPC,07/01/2010,22.5,22.8,22.4,22.6,33100,24.10,21.10,22.6,0.00,0.00,0,0,0
CPC,06/30/2010,22.5,22.9,22.4,22.6,37600,24.50,21.30,22.9,-0.30,-1.31,0,0,0
CPC,06/29/2010,23.0,23.4,22.7,22.9,18700,24.60,21.40,23.0,-0.10,-0.43,0,0,0
CPC,06/28/2010,23.0,23.2,22.6,23.0,20900,24.80,21.60,23.2,-0.20,-0.86,0,0,0
CPC,06/25/2010,23.5,23.5,23.0,23.2,22500,25.70,22.50,24.1,-0.90,-3.73,0,0,0
CPC,06/24/2010,24.0,24.3,24.0,24.1,15000,25.60,22.40,24.0,0.10,0.42,0,0,0
CPC,06/23/2010,23.5,24.2,23.5,24.0,9300,26.00,22.60,24.3,-0.30,-1.23,0,0,0
CPC,06/22/2010,23.4,24.8,23.4,24.3,117100,24.80,21.60,23.2,1.10,4.74,0,0,15000
CPC,06/21/2010,23.2,23.6,23.0,23.2,73700,23.90,20.90,22.4,0.80,3.57,0,0,45000
CPC,06/18/2010,23.3,23.3,22.3,22.4,51700,24.30,21.30,22.8,-0.40,-1.75,0,0,23400
CPC,06/17/2010,22.7,23.2,22.6,22.8,24400,24.30,21.30,22.8,0.00,0.00,0,0,0
CPC,06/16/2010,22.8,23.1,22.5,22.8,25300,24.60,21.40,23.0,-0.20,-0.87,0,0,0
CPC,06/15/2010,23.0,23.3,22.7,23.0,22000,24.60,21.40,23.0,0.00,0.00,0,0,0
CPC,06/14/2010,23.0,23.3,23.0,23.0,9300,25.00,21.80,23.4,-0.40,-1.71,0,0,0
CPC,06/11/2010,23.9,24.1,22.8,23.4,23200,24.20,21.20,22.7,0.70,3.08,0,0,0
CPC,06/10/2010,21.2,23.4,21.2,22.7,16100,24.10,21.10,22.6,0.10,0.44,0,0,0
CPC,06/09/2010,24.0,24.0,22.4,22.6,700,24.00,21.00,22.5,0.10,0.44,0,0,0
CPC,06/08/2010,22.5,22.5,22.5,22.5,15000,24.20,21.20,22.7,-0.20,-0.88,0,0,0
CPC,06/07/2010,23.0,23.0,22.3,22.7,10800,24.70,21.50,23.1,-0.40,-1.73,0,0,0
CPC,06/04/2010,23.2,23.2,23.0,23.1,5900,25.70,22.50,24.1,-1.00,-4.15,0,0,0
CPC,06/03/2010,24.0,24.3,23.6,24.1,42400,24.30,21.30,22.8,1.30,5.70,0,0,0
CPC,06/02/2010,23.4,23.4,22.0,22.8,14400,24.20,21.20,22.7,0.10,0.44,0,0,0
CPC,06/01/2010,23.0,23.1,22.3,22.7,11500,25.40,22.20,23.8,-1.10,-4.62,0,0,0
CPC,05/31/2010,24.6,24.6,23.3,23.8,38400,26.70,23.30,25.0,-1.20,-4.80,0,10000,0
CPC,05/28/2010,25.3,25.3,24.8,25.0,58600,25.70,22.50,24.1,0.90,3.73,0,10900,0
CPC,05/27/2010,24.0,24.5,23.0,24.1,24300,24.70,21.50,23.1,1.00,4.33,0,16500,0
CPC,05/26/2010,22.4,23.3,22.4,23.1,31000,23.30,20.30,21.8,1.30,5.96,0,0,0
CPC,05/25/2010,22.0,22.0,21.8,21.8,17300,22.80,20.00,21.4,0.40,1.87,0,0,0
CPC,05/24/2010,21.6,21.6,19.0,21.4,36100,21.60,18.80,20.2,1.20,5.94,0,0,0
CPC,05/21/2010,21.0,21.0,20.0,20.2,116000,22.80,20.00,21.4,-1.20,-5.61,0,0,0
CPC,05/20/2010,21.4,22.8,21.0,21.4,45100,24.00,21.00,22.5,-1.10,-4.89,0,0,0
CPC,05/19/2010,25.0,25.0,22.3,22.5,118000,25.50,22.30,23.9,-1.40,-5.86,0,27400,0
CPC,05/18/2010,24.1,24.5,23.0,23.9,26700,26.10,22.70,24.4,-0.50,-2.05,0,5000,0
CPC,05/17/2010,25.7,25.7,23.7,24.4,75600,25.70,22.50,24.1,0.30,1.24,0,13600,0
CPC,05/14/2010,23.5,24.5,22.8,24.1,83700,24.50,21.30,22.9,1.20,5.24,0,0,0
CPC,05/13/2010,23.0,24.1,22.4,22.9,87400,25.60,22.40,24.0,-1.10,-4.58,0,0,0
CPC,05/12/2010,24.0,24.2,24.0,24.0,56500,27.40,24.00,25.7,-1.70,-6.61,0,0,0
CPC,05/11/2010,26.7,28.0,24.9,25.7,83400,28.00,24.40,26.2,-0.50,-1.91,0,0,0
CPC,05/10/2010,27.2,27.2,26.1,26.2,62900,29.90,26.10,28.0,-1.80,-6.43,0,0,0
CPC,05/07/2010,29.9,30.0,27.9,28.0,110400,31.90,27.90,29.9,-1.90,-6.35,0,0,0
CPC,05/06/2010,29.9,29.9,29.0,29.9,330100,29.90,26.10,28.0,1.90,6.79,0,0,0
CPC,05/05/2010,28.0,28.0,27.0,28.0,189700,28.00,24.40,26.2,1.80,6.87,0,0,0
CPC,05/04/2010,26.0,26.2,26.0,26.2,23400,26.20,22.80,24.5,1.70,6.94,0,0,0
CPC,04/29/2010,23.4,24.8,23.4,24.5,105600,24.80,21.60,23.2,1.30,5.60,0,0,0
CPC,04/28/2010,23.2,23.4,23.0,23.2,13700,24.70,21.50,23.1,0.10,0.43,0,0,0
CPC,04/27/2010,24.0,24.0,22.8,23.1,26400,25.00,21.80,23.4,-0.30,-1.28,0,0,0
CPC,04/26/2010,25.5,25.5,24.0,25.0,81800,27.20,23.80,25.5,-0.50,-1.96,0,0,0
CPC,04/22/2010,28.2,28.2,24.6,25.5,72700,28.20,24.60,26.4,-0.90,-3.41,0,0,0
CPC,04/21/2010,26.4,26.4,26.0,26.4,212800,26.40,23.00,24.7,1.70,6.88,0,0,0
CPC,04/20/2010,24.7,24.7,24.7,24.7,33900,24.70,21.50,23.1,1.60,6.93,0,0,0
CPC,04/19/2010,22.8,23.1,22.5,23.1,60300,23.10,20.10,21.6,1.50,6.94,0,0,0
CPC,04/16/2010,21.5,22.2,21.0,21.6,69700,22.70,19.90,21.3,0.30,1.41,0,0,0
CPC,04/15/2010,21.7,21.7,20.7,21.3,21700,23.00,20.00,21.5,-0.20,-0.93,0,0,0
CPC,04/14/2010,22.1,22.1,21.0,21.5,46500,22.10,19.30,20.7,0.80,3.86,0,0,0
CPC,04/13/2010,20.7,20.7,20.7,20.7,43800,20.70,18.10,19.4,1.30,6.70,0,0,0
CPC,04/12/2010,18.6,19.7,18.6,19.4,74400,19.70,17.30,18.5,0.90,4.86,0,0,0
CPC,04/09/2010,18.0,18.5,18.0,18.5,14900,19.70,17.30,18.5,0.00,0.00,0,0,0
CPC,04/08/2010,18.5,18.5,18.0,18.5,25100,19.70,17.30,18.5,0.00,0.00,0,0,0
CPC,04/07/2010,18.5,18.5,18.5,18.5,4000,20.20,17.60,18.9,-0.40,-2.12,0,0,0
CPC,04/06/2010,18.4,19.0,18.4,18.9,18400,19.10,16.70,17.9,1.00,5.59,0,0,0
CPC,04/05/2010,17.9,17.9,17.9,17.9,7300,19.20,16.80,18.0,-0.10,-0.56,0,0,0
CPC,04/02/2010,0.0,0.0,0.0,18.0,0,19.20,16.80,18.0,0.00,0.00,0,0,0
CPC,04/01/2010,18.0,18.0,18.0,18.0,1300,19.20,16.80,18.0,0.00,0.00,0,0,0
CPC,03/31/2010,18.0,18.0,18.0,18.0,1000,19.40,17.00,18.2,-0.20,-1.10,0,0,0
CPC,03/30/2010,18.2,18.5,18.0,18.2,9700,18.90,16.50,17.7,0.50,2.82,0,0,0
CPC,03/29/2010,18.5,18.5,17.6,17.7,1100,18.80,16.40,17.6,0.10,0.57,0,0,0
CPC,03/26/2010,0.0,0.0,0.0,17.6,0,18.80,16.40,17.6,0.00,0.00,0,0,0
CPC,03/25/2010,18.0,18.0,17.4,17.6,10100,19.20,16.80,18.0,-0.40,-2.22,0,0,0
CPC,03/24/2010,18.0,18.0,18.0,18.0,4000,19.10,16.70,17.9,0.10,0.56,0,0,0
CPC,03/23/2010,18.0,18.0,17.9,17.9,7200,19.20,16.80,18.0,-0.10,-0.56,0,0,0
CPC,03/22/2010,18.0,18.0,17.8,18.0,13200,18.80,16.40,17.6,0.40,2.27,0,0,0
CPC,03/19/2010,18.0,18.0,17.5,17.6,2600,19.20,16.80,18.0,-0.40,-2.22,0,0,0
CPC,03/18/2010,18.0,18.0,18.0,18.0,2700,19.20,16.80,18.0,0.00,0.00,0,0,0
CPC,03/17/2010,18.4,18.4,18.0,18.0,5100,19.70,17.30,18.5,-0.50,-2.70,0,0,0
CPC,03/16/2010,18.5,18.5,18.5,18.5,4600,19.70,17.30,18.5,0.00,0.00,0,0,0
CPC,03/15/2010,18.3,18.7,18.3,18.5,38300,19.50,17.10,18.3,0.20,1.09,0,0,0
CPC,03/12/2010,18.1,18.4,18.1,18.3,2200,19.20,16.80,18.0,0.30,1.67,0,0,0
CPC,03/11/2010,18.0,18.2,17.7,18.0,4200,18.70,16.30,17.5,0.50,2.86,0,0,0
CPC,03/10/2010,17.3,17.9,17.3,17.5,2800,19.00,16.60,17.8,-0.30,-1.69,0,0,0
CPC,03/09/2010,17.5,18.0,17.5,17.8,1500,19.10,16.70,17.9,-0.10,-0.56,0,0,0
CPC,03/08/2010,18.0,18.0,17.8,17.9,5000,19.70,17.30,18.5,-0.60,-3.24,0,0,0
CPC,03/05/2010,18.7,18.7,17.8,18.5,500,20.00,17.40,18.7,-0.20,-1.07,0,0,0
CPC,03/04/2010,18.7,18.7,18.7,18.7,100,18.70,16.30,17.5,1.20,6.86,0,0,0
CPC,03/03/2010,17.4,17.9,17.4,17.5,9200,18.10,15.90,17.0,0.50,2.94,0,0,0
CPC,03/02/2010,16.7,17.1,16.7,17.0,600,18.80,16.40,17.6,-0.60,-3.41,0,0,0
CPC,03/01/2010,18.8,18.8,17.5,17.6,2600,20.10,17.50,18.8,-1.20,-6.38,0,0,0
CPC,02/26/2010,18.8,19.1,18.6,18.8,3500,20.10,17.50,18.8,0.00,0.00,0,0,0
CPC,02/25/2010,18.2,19.1,18.2,18.8,7900,19.40,17.00,18.2,0.60,3.30,0,0,0
CPC,02/24/2010,18.1,18.3,18.1,18.2,1700,19.90,17.30,18.6,-0.40,-2.15,0,0,0
CPC,02/23/2010,19.3,19.3,18.2,18.6,7800,20.80,18.20,19.5,-0.90,-4.62,0,0,0
CPC,02/22/2010,19.5,19.5,19.5,19.5,300,20.60,18.00,19.3,0.20,1.04,0,0,0
CPC,02/12/2010,20.0,20.1,19.0,19.3,1600,20.10,17.50,18.8,0.50,2.66,0,0,0
CPC,02/11/2010,18.0,19.0,18.0,18.8,3300,19.00,16.60,17.8,1.00,5.62,0,0,0
CPC,02/10/2010,17.8,17.8,17.8,17.8,1100,20.20,17.60,18.9,-1.10,-5.82,0,0,0
CPC,02/09/2010,18.7,19.0,18.6,18.9,1000,21.40,18.60,20.0,-1.10,-5.50,0,0,0
CPC,02/08/2010,19.9,20.4,19.1,20.0,11500,20.40,17.80,19.1,0.90,4.71,0,0,0
CPC,02/05/2010,19.2,19.2,18.6,19.1,2600,19.70,17.30,18.5,0.60,3.24,0,0,0
CPC,02/04/2010,18.5,18.5,18.4,18.5,7000,18.50,16.10,17.3,1.20,6.94,0,0,0
CPC,02/03/2010,16.9,17.8,16.9,17.3,6600,17.80,15.60,16.7,0.60,3.59,0,0,0
CPC,02/02/2010,16.5,17.0,16.0,16.7,7100,18.10,15.90,17.0,-0.30,-1.76,0,0,0
CPC,02/01/2010,17.0,17.0,16.9,17.0,6400,19.10,16.70,17.9,-0.90,-5.03,0,0,0
CPC,01/29/2010,17.0,18.0,17.0,17.9,1200,18.00,15.80,16.9,1.00,5.92,0,0,0
CPC,01/28/2010,17.3,17.3,16.8,16.9,1300,19.20,16.80,18.0,-1.10,-6.11,0,0,0
CPC,01/27/2010,18.9,19.5,17.6,18.0,4000,20.20,17.60,18.9,-0.90,-4.76,0,0,0
CPC,01/26/2010,18.6,21.1,18.6,18.9,25500,21.20,18.60,19.9,-1.00,-5.03,0,0,0
CPC,01/25/2010,19.9,19.9,19.9,19.9,200,22.70,19.90,21.3,-1.40,-6.57,0,0,0
CPC,01/22/2010,21.3,21.3,21.3,21.3,2500,24.30,21.30,22.8,-1.50,-6.58,0,0,0
CPC,01/21/2010,22.8,22.8,22.8,22.8,2500,26.20,22.80,24.5,-1.70,-6.94,0,0,0
CPC,01/20/2010,0.0,0.0,0.0,24.5,0,26.20,22.80,24.5,0.00,0.00,0,0,0
CPC,01/19/2010,24.5,24.5,24.5,24.5,400,26.80,23.40,25.1,-0.60,-2.39,0,0,0
CPC,01/18/2010,26.0,26.0,24.5,25.1,4500,0.00,0.00,0.0,25.10,0.00,0,0,0
