MaCK,Ngay,GiaMoCua,GiaCaoNhat,GiaThapNhat,GiaDongCua,KhoiLuongGD,GiaTran,GiaSan,GiaThamChieu,TangGiam,%,GDThoaThuan,NNMua,NNBan
CX8,08/06/2010,25.0,25.8,25.0,25.5,8000,28.00,24.40,26.2,-0.70,-2.67,0,0,0
CX8,08/05/2010,26.3,27.0,24.7,26.2,13200,28.30,24.70,26.5,-0.30,-1.13,0,0,0
CX8,08/04/2010,27.0,27.0,25.8,26.5,9000,27.80,24.20,26.0,0.50,1.92,0,0,0
CX8,08/03/2010,25.7,26.4,25.5,26.0,47500,28.00,24.40,26.2,-0.20,-0.76,0,0,0
CX8,08/02/2010,27.0,27.0,25.5,26.2,14000,27.30,23.90,25.6,0.60,2.34,0,0,0
CX8,07/30/2010,25.3,26.0,25.0,25.6,23200,27.00,23.60,25.3,0.30,1.19,0,0,0
CX8,07/29/2010,25.0,25.7,24.0,25.3,20700,25.70,22.50,24.1,1.20,4.98,0,0,0
CX8,07/28/2010,25.5,25.5,23.5,24.1,7000,26.40,23.00,24.7,-0.60,-2.43,0,0,0
CX8,07/27/2010,25.2,25.2,24.5,24.7,5900,26.80,23.40,25.1,-0.40,-1.59,0,0,0
CX8,07/26/2010,25.4,25.4,24.5,25.1,9600,27.00,23.60,25.3,-0.20,-0.79,0,0,0
CX8,07/23/2010,25.4,25.8,24.1,25.3,14500,27.10,23.70,25.4,-0.10,-0.39,0,0,0
CX8,07/22/2010,25.6,25.6,25.0,25.4,11600,27.30,23.90,25.6,-0.20,-0.78,0,0,0
CX8,07/21/2010,25.7,25.7,25.5,25.6,12000,27.30,23.90,25.6,0.00,0.00,0,0,0
CX8,07/20/2010,26.4,26.6,25.0,25.6,23500,27.40,24.00,25.7,-0.10,-0.39,0,0,0
CX8,07/19/2010,26.0,26.4,24.5,25.7,12700,27.80,24.20,26.0,-0.30,-1.15,0,0,0
CX8,07/16/2010,26.7,26.8,24.6,26.0,15400,28.10,24.50,26.3,-0.30,-1.14,0,0,0
CX8,07/15/2010,26.9,27.0,25.0,26.3,13200,27.80,24.20,26.0,0.30,1.15,0,0,0
CX8,07/14/2010,27.9,27.9,24.8,26.0,10100,28.30,24.70,26.5,-0.50,-1.89,0,0,0
CX8,07/13/2010,27.7,27.7,24.8,26.5,10800,28.20,24.60,26.4,0.10,0.38,0,0,0
CX8,07/12/2010,28.8,28.8,26.7,27.6,14300,30.20,26.40,28.3,-0.70,-2.47,0,0,0
CX8,07/09/2010,26.8,29.0,26.6,28.3,10900,30.20,26.40,28.3,0.00,0.00,0,0,0
CX8,07/08/2010,29.5,30.4,26.8,28.3,14000,30.80,26.80,28.8,-0.50,-1.74,0,0,0
CX8,07/07/2010,28.2,29.1,26.5,28.8,17400,30.20,26.40,28.3,0.50,1.77,0,0,0
CX8,07/06/2010,28.5,29.2,27.0,28.3,10900,29.60,25.80,27.7,0.60,2.17,0,0,0
CX8,07/05/2010,28.0,28.2,27.0,27.7,12300,28.50,24.90,26.7,1.00,3.75,0,0,0
CX8,07/02/2010,27.2,27.2,26.3,26.7,23200,28.60,25.00,26.8,-0.10,-0.37,0,2000,0
CX8,07/01/2010,26.3,27.9,26.3,26.8,19800,28.10,24.50,26.3,0.50,1.90,0,1000,0
CX8,06/30/2010,27.5,27.5,25.0,26.3,12900,28.40,24.80,26.6,-0.30,-1.13,0,9000,0
CX8,06/29/2010,26.3,27.3,25.5,26.6,35900,27.30,23.90,25.6,1.00,3.91,0,12200,0
CX8,06/28/2010,26.0,26.3,24.2,25.6,9600,26.80,23.40,25.1,0.50,1.99,0,0,0
CX8,06/25/2010,25.3,26.8,24.9,25.1,40200,28.50,24.90,26.7,-1.60,-5.99,0,0,0
CX8,06/24/2010,25.6,28.0,25.6,26.7,9400,29.30,25.50,27.4,-0.70,-2.55,0,0,0
CX8,06/23/2010,26.5,27.9,26.5,27.4,6500,29.40,25.60,27.5,-0.10,-0.36,0,0,0
CX8,06/22/2010,27.1,28.0,27.1,27.5,31300,28.90,25.30,27.1,0.40,1.48,0,0,0
CX8,06/21/2010,27.0,28.0,25.8,27.1,15200,28.80,25.20,27.0,0.10,0.37,0,0,0
CX8,06/18/2010,27.5,27.5,26.0,27.0,58500,27.90,24.30,26.1,0.90,3.45,0,0,0
CX8,06/17/2010,25.8,26.9,25.4,26.1,48900,26.90,23.50,25.2,0.90,3.57,0,0,0
CX8,06/16/2010,25.3,26.0,24.5,25.2,18600,27.00,23.60,25.3,-0.10,-0.40,0,0,0
CX8,06/15/2010,26.5,26.5,24.5,25.3,17000,26.50,23.10,24.8,0.50,2.02,0,0,0
CX8,06/14/2010,24.8,25.1,23.5,24.8,55600,25.10,21.90,23.5,1.30,5.53,0,0,0
CX8,06/11/2010,23.6,24.6,22.0,23.5,16600,24.60,21.40,23.0,0.50,2.17,0,0,0
CX8,06/10/2010,23.4,23.4,22.6,23.0,13900,23.50,20.50,22.0,1.00,4.55,0,0,0
CX8,06/09/2010,24.2,24.2,21.5,22.0,22500,24.70,21.50,23.1,-1.10,-4.76,0,0,0
CX8,06/08/2010,23.8,23.8,22.9,23.1,5500,24.00,21.00,22.5,0.60,2.67,0,0,0
CX8,06/07/2010,25.0,25.0,22.1,22.5,11900,25.30,22.10,23.7,-1.20,-5.06,0,0,0
CX8,06/04/2010,22.5,24.3,22.5,23.7,22500,24.30,21.30,22.8,0.90,3.95,0,0,0
CX8,06/03/2010,21.8,23.0,21.8,22.8,33800,23.00,20.00,21.5,1.30,6.05,0,0,0
CX8,06/02/2010,21.3,22.5,21.3,21.5,23900,22.70,19.90,21.3,0.20,0.94,0,0,0
CX8,06/01/2010,21.2,21.8,21.2,21.3,16800,22.60,19.80,21.2,0.10,0.47,0,0,0
CX8,05/31/2010,21.2,21.4,20.5,21.2,5600,22.60,19.80,21.2,0.00,0.00,0,0,0
CX8,05/28/2010,20.3,21.7,20.3,21.2,51000,21.70,18.90,20.3,0.90,4.43,0,0,0
CX8,05/27/2010,19.2,20.7,19.2,20.3,13200,21.90,19.10,20.5,-0.20,-0.98,0,0,0
CX8,05/26/2010,20.5,20.8,20.5,20.5,11200,23.50,20.50,22.0,-1.50,-6.82,0,0,0
CX8,05/25/2010,22.0,22.5,22.0,22.0,4900,25.20,22.00,23.6,-1.60,-6.78,0,0,0
CX8,05/24/2010,24.6,24.6,22.2,23.6,8100,25.40,22.20,23.8,-0.20,-0.84,0,0,0
CX8,05/21/2010,22.9,24.6,22.9,23.8,5400,26.30,22.90,24.6,-0.80,-3.25,0,0,0
CX8,05/20/2010,25.0,25.5,24.1,24.6,6100,27.70,24.10,25.9,-1.30,-5.02,0,0,0
CX8,05/19/2010,25.0,30.0,23.0,25.9,24700,0.00,0.00,0.0,25.90,0.00,0,0,0
