MaCK,Ngay,GiaMoCua,GiaCaoNhat,GiaThapNhat,GiaDongCua,KhoiLuongGD,GiaTran,GiaSan,GiaThamChieu,TangGiam,%,GDThoaThuan,NNMua,NNBan
DLR,08/06/2010,35.2,36.7,35.0,36.0,32200,39.20,34.20,36.7,-0.70,-1.91,9000,0,0
DLR,08/05/2010,38.4,39.0,36.0,36.7,128800,41.10,35.90,38.5,-1.80,-4.68,0,0,0
DLR,08/04/2010,39.0,39.0,37.6,38.5,30400,43.20,37.60,40.4,-1.90,-4.70,0,0,0
DLR,08/03/2010,40.5,40.5,40.1,40.4,18600,43.80,38.20,41.0,-0.60,-1.46,0,0,0
DLR,08/02/2010,41.0,41.8,40.4,41.0,30400,44.70,38.90,41.8,-0.80,-1.91,0,0,0
DLR,07/30/2010,42.9,42.9,41.4,41.8,54600,45.40,39.60,42.5,-0.70,-1.65,10000,0,0
DLR,07/29/2010,41.6,43.0,41.4,42.5,77000,45.30,39.50,42.4,0.10,0.24,0,0,0
DLR,07/28/2010,44.3,44.3,41.8,42.4,61000,46.40,40.40,43.4,-1.00,-2.30,0,3000,0
DLR,07/27/2010,43.5,44.0,42.9,43.4,83100,45.90,39.90,42.9,0.50,1.17,0,0,0
DLR,07/26/2010,44.4,44.7,42.5,42.9,52500,45.10,39.30,42.2,0.70,1.66,10000,4500,0
DLR,07/23/2010,41.1,44.0,38.6,42.2,206400,44.40,38.60,41.5,0.70,1.69,0,5000,0
DLR,07/22/2010,43.5,44.5,40.5,41.5,111000,46.30,40.30,43.3,-1.80,-4.16,0,0,0
DLR,07/21/2010,44.0,45.0,42.5,43.3,92200,48.10,41.90,45.0,-1.70,-3.78,0,0,0
DLR,07/20/2010,48.9,48.9,44.4,45.0,66600,50.30,43.90,47.1,-2.10,-4.46,0,0,0
DLR,07/19/2010,46.0,47.7,46.0,47.1,166400,47.70,41.50,44.6,2.50,5.61,0,0,0
DLR,07/16/2010,45.0,45.3,44.4,44.6,205800,51.00,44.40,47.7,-3.10,-6.50,0,0,0
DLR,07/15/2010,48.5,48.5,47.5,47.7,154600,54.50,47.50,51.0,-3.30,-6.47,17800,0,0
DLR,07/14/2010,52.0,53.0,48.0,51.0,215000,53.20,46.40,49.8,1.20,2.41,0,0,0
DLR,07/13/2010,49.0,51.2,48.5,49.8,156700,51.20,44.60,47.9,1.90,3.97,0,0,0
DLR,07/12/2010,48.7,48.7,43.0,47.9,276600,48.70,42.50,45.6,2.30,5.04,0,0,0
DLR,07/09/2010,42.6,45.9,42.6,45.6,295800,45.90,39.90,42.9,2.70,6.29,0,0,0
DLR,07/08/2010,40.6,44.0,40.6,42.9,105100,46.60,40.60,43.6,-0.70,-1.61,0,0,0
DLR,07/07/2010,44.3,44.3,42.0,43.6,108400,47.40,41.20,44.3,-0.70,-1.58,0,0,0
DLR,07/06/2010,44.0,45.5,43.3,44.3,99600,46.30,40.30,43.3,1.00,2.31,5000,0,0
DLR,07/05/2010,45.3,45.3,43.0,43.3,171500,48.40,42.20,45.3,-2.00,-4.42,0,1000,0
DLR,07/02/2010,46.0,46.6,44.0,45.3,269000,46.60,40.60,43.6,1.70,3.90,0,0,0
DLR,07/01/2010,42.0,46.7,40.7,43.6,437000,46.70,40.70,43.7,-0.10,-0.23,0,0,0
DLR,06/30/2010,48.0,48.0,42.6,43.7,114200,49.00,42.60,45.8,-2.10,-4.59,0,0,0
DLR,06/29/2010,43.1,46.1,42.0,45.8,223100,46.10,40.10,43.1,2.70,6.26,0,0,0
DLR,06/28/2010,41.4,43.2,40.6,43.1,160900,43.20,37.60,40.4,2.70,6.68,0,0,0
DLR,06/25/2010,39.9,40.6,37.1,40.4,264900,40.60,35.40,38.0,2.40,6.32,0,0,0
DLR,06/24/2010,37.0,38.0,37.0,38.0,219500,38.00,33.20,35.6,2.40,6.74,0,0,0
DLR,06/23/2010,36.6,37.5,35.0,35.6,99500,40.20,35.00,37.6,-2.00,-5.32,0,0,0
DLR,06/22/2010,39.0,39.0,37.2,37.6,66000,42.80,37.20,40.0,-2.40,-6.00,0,0,0
DLR,06/21/2010,41.4,41.4,37.1,40.0,66900,41.40,36.00,38.7,1.30,3.36,0,0,0
DLR,06/18/2010,38.8,38.8,36.3,38.7,295000,38.80,33.80,36.3,2.40,6.61,85000,0,0
DLR,06/17/2010,36.3,36.3,36.3,36.3,49400,36.30,31.70,34.0,2.30,6.76,5000,0,0
DLR,06/16/2010,34.0,34.0,34.0,34.0,31200,34.00,29.60,31.8,2.20,6.92,5000,0,0
DLR,06/15/2010,31.8,31.8,31.8,31.8,2900,31.80,27.80,29.8,2.00,6.71,8000,0,0
DLR,06/14/2010,29.8,29.8,29.8,29.8,3200,29.80,26.00,27.9,1.90,6.81,0,0,0
DLR,06/11/2010,24.6,28.2,24.6,27.9,77700,28.20,24.60,26.4,1.50,5.68,0,0,0
DLR,06/10/2010,26.3,28.0,26.2,26.4,2000,29.80,26.00,27.9,-1.50,-5.38,0,0,0
DLR,06/09/2010,28.0,28.0,27.9,27.9,700,28.90,25.30,27.1,0.80,2.95,0,0,0
DLR,06/08/2010,27.1,27.2,27.0,27.1,13800,29.30,25.50,27.4,-0.30,-1.09,0,0,0
DLR,06/07/2010,26.2,28.0,26.2,27.4,7700,29.60,25.80,27.7,-0.30,-1.08,150000,0,0
DLR,06/04/2010,27.8,28.0,27.4,27.7,7000,30.90,26.90,28.9,-1.20,-4.15,0,0,0
DLR,06/03/2010,29.4,29.4,28.5,28.9,1600,30.20,26.40,28.3,0.60,2.12,0,0,0
DLR,06/02/2010,28.0,28.8,28.0,28.3,8400,30.10,26.30,28.2,0.10,0.35,0,0,0
DLR,06/01/2010,31.0,31.0,27.8,28.2,10900,31.80,27.80,29.8,-1.60,-5.37,0,0,0
DLR,05/31/2010,29.4,31.4,29.4,29.8,4100,31.40,27.40,29.4,0.40,1.36,0,0,0
DLR,05/28/2010,29.5,29.5,29.0,29.4,41300,29.50,25.70,27.6,1.80,6.52,0,0,0
DLR,05/27/2010,27.0,28.4,27.0,27.6,12900,28.80,25.20,27.0,0.60,2.22,0,0,0
DLR,05/26/2010,25.2,28.8,25.2,27.0,27800,28.80,25.20,27.0,0.00,0.00,0,0,0
DLR,05/25/2010,27.0,27.0,26.9,27.0,6100,30.90,26.90,28.9,-1.90,-6.57,0,0,0
DLR,05/24/2010,29.0,29.0,28.9,28.9,4100,33.10,28.90,31.0,-2.10,-6.77,8000,0,0
DLR,05/21/2010,31.0,32.5,30.7,31.0,16100,35.30,30.70,33.0,-2.00,-6.06,0,0,0
DLR,05/20/2010,34.9,34.9,32.0,33.0,25300,0.00,0.00,0.0,33.00,0.00,0,0,0
