MaCK,Ngay,GiaMoCua,GiaCaoNhat,GiaThapNhat,GiaDongCua,KhoiLuongGD,GiaTran,GiaSan,GiaThamChieu,TangGiam,%,GDThoaThuan,NNMua,NNBan
KSB,08/09/2010,0.0,65.0,62.5,65.0,36130,68.50,62.50,65.5,-0.50,-0.76,0,0,0
KSB,08/06/2010,0.0,65.5,65.5,65.5,60,68.50,62.50,65.5,0.00,0.00,0,0,0
KSB,08/05/2010,63.0,65.5,63.0,65.5,5980,69.00,63.00,66.0,-0.50,-0.76,0,0,0
KSB,08/04/2010,65.5,66.0,62.5,66.0,14400,68.50,62.50,65.5,0.50,0.76,0,0,0
KSB,08/03/2010,0.0,65.5,63.0,65.5,2960,67.50,61.50,64.5,1.00,1.55,0,0,400
KSB,08/02/2010,0.0,67.5,64.5,64.5,720,70.50,64.50,67.5,-3.00,-4.44,0,0,0
KSB,07/30/2010,64.0,67.5,64.0,67.5,114930,67.50,61.50,64.5,3.00,4.65,0,0,0
KSB,07/29/2010,0.0,64.5,64.5,64.5,15000,67.50,61.50,64.5,0.00,0.00,0,0,0
KSB,07/28/2010,0.0,64.5,64.5,64.5,10,65.00,59.00,62.0,2.50,4.03,0,0,0
KSB,07/27/2010,61.0,64.5,61.0,62.0,2620,67.00,61.00,64.0,-2.00,-3.13,0,0,0
KSB,07/26/2010,0.0,64.0,63.5,64.0,1600,66.50,60.50,63.5,0.50,0.79,0,0,0
KSB,07/23/2010,63.5,64.0,63.5,63.5,17500,66.50,60.50,63.5,0.00,0.00,0,0,0
KSB,07/22/2010,63.5,63.5,63.0,63.5,59380,66.50,60.50,63.5,0.00,0.00,0,0,0
KSB,07/21/2010,0.0,64.0,63.0,63.5,13510,66.50,60.50,63.5,0.00,0.00,0,0,0
KSB,07/20/2010,65.0,65.0,63.5,63.5,30990,67.00,61.00,64.0,-0.50,-0.78,0,0,0
KSB,07/19/2010,63.5,64.0,63.5,64.0,27740,66.50,60.50,63.5,0.50,0.79,0,0,0
KSB,07/16/2010,0.0,64.0,63.0,63.5,65950,66.50,60.50,63.5,0.00,0.00,0,0,0
KSB,07/15/2010,0.0,63.5,61.0,63.5,36310,63.50,57.50,60.5,3.00,4.96,0,0,0
KSB,07/14/2010,0.0,62.0,60.5,60.5,3000,65.00,59.00,62.0,-1.50,-2.42,0,0,0
KSB,07/13/2010,0.0,62.0,61.0,62.0,7430,63.50,57.50,60.5,1.50,2.48,0,0,0
KSB,07/12/2010,0.0,60.5,60.5,60.5,3000,63.50,57.50,60.5,0.00,0.00,0,0,0
KSB,07/09/2010,0.0,60.5,60.5,60.5,5000,64.00,58.00,61.0,-0.50,-0.82,0,0,490
KSB,07/08/2010,0.0,61.5,60.0,61.0,12860,63.00,57.00,60.0,1.00,1.67,0,0,1010
KSB,07/07/2010,0.0,60.0,60.0,60.0,6680,63.50,57.50,60.5,-0.50,-0.83,0,0,0
KSB,07/06/2010,61.5,61.5,60.5,60.5,19250,64.50,58.50,61.5,-1.00,-1.63,0,500,500
KSB,07/05/2010,0.0,61.5,61.0,61.5,10140,64.00,58.00,61.0,0.50,0.82,0,0,0
KSB,07/02/2010,61.0,61.0,61.0,61.0,12830,64.00,58.00,61.0,0.00,0.00,0,0,0
KSB,07/01/2010,0.0,61.5,60.5,61.0,6990,64.50,58.50,61.5,-0.50,-0.81,0,0,0
KSB,06/30/2010,59.0,62.0,59.0,61.5,22900,64.50,58.50,61.5,0.00,0.00,0,0,0
KSB,06/29/2010,0.0,61.5,61.0,61.5,9690,65.00,59.00,62.0,-0.50,-0.81,0,0,0
KSB,06/28/2010,61.0,62.0,61.0,62.0,13950,65.00,59.00,62.0,0.00,0.00,0,0,0
KSB,06/25/2010,0.0,62.0,61.0,62.0,43200,65.00,59.00,62.0,0.00,0.00,0,0,0
KSB,06/24/2010,63.0,63.0,61.5,62.0,10570,66.00,60.00,63.0,-1.00,-1.59,0,0,0
KSB,06/23/2010,61.0,63.0,61.0,63.0,22370,64.00,58.00,61.0,2.00,3.28,0,0,13070
KSB,06/22/2010,60.5,62.5,59.5,61.0,99000,65.50,59.50,62.5,-1.50,-2.40,0,0,25000
KSB,06/21/2010,61.5,62.5,61.5,62.5,29400,64.50,58.50,61.5,1.00,1.63,0,0,25000
KSB,06/18/2010,62.0,63.0,60.5,61.5,91630,66.50,60.50,63.5,-2.00,-3.15,0,0,23130
KSB,06/17/2010,62.0,63.5,61.5,63.5,21520,66.00,60.00,63.0,0.50,0.79,0,0,20000
KSB,06/16/2010,0.0,63.5,62.0,63.0,31790,66.00,60.00,63.0,0.00,0.00,0,0,10000
KSB,06/15/2010,61.5,63.0,61.5,63.0,9300,65.00,59.00,62.0,1.00,1.61,0,0,0
KSB,06/14/2010,0.0,63.5,62.0,62.0,19900,66.00,60.00,63.0,-1.00,-1.59,0,0,0
KSB,06/11/2010,64.5,64.5,63.0,63.0,43100,66.00,60.00,63.0,0.00,0.00,0,0,0
KSB,06/10/2010,0.0,63.5,62.0,63.0,3510,64.50,58.50,61.5,1.50,2.44,0,0,0
KSB,06/09/2010,0.0,62.5,61.5,61.5,5090,65.00,59.00,62.0,-0.50,-0.81,0,0,0
KSB,06/08/2010,0.0,63.0,62.0,62.0,10020,66.50,60.50,63.5,-1.50,-2.36,0,0,0
KSB,06/07/2010,0.0,63.5,63.5,63.5,10010,66.50,60.50,63.5,0.00,0.00,0,0,0
KSB,06/04/2010,0.0,63.5,62.0,63.5,13050,66.00,60.00,63.0,0.50,0.79,0,0,0
KSB,06/03/2010,0.0,63.5,63.0,63.0,1310,66.50,60.50,63.5,-0.50,-0.79,0,0,0
KSB,06/02/2010,0.0,63.5,61.5,63.5,4410,64.50,58.50,61.5,2.00,3.25,0,0,0
KSB,06/01/2010,0.0,64.5,61.5,61.5,12210,67.50,61.50,64.5,-3.00,-4.65,0,0,0
KSB,05/31/2010,65.5,65.5,64.5,64.5,11020,68.50,62.50,65.5,-1.00,-1.53,0,0,0
KSB,05/28/2010,0.0,65.5,62.5,65.5,8020,65.50,59.50,62.5,3.00,4.80,0,0,0
KSB,05/27/2010,62.0,62.5,61.5,62.5,8600,64.50,58.50,61.5,1.00,1.63,0,0,0
KSB,05/26/2010,59.5,62.0,59.5,62.0,7390,62.00,57.00,59.5,2.50,4.20,0,0,0
KSB,05/25/2010,59.5,63.5,59.5,59.5,1200,65.00,59.00,62.0,-2.50,-4.03,0,0,0
KSB,05/24/2010,59.5,62.0,59.5,62.0,19190,65.00,59.00,62.0,0.00,0.00,0,0,0
KSB,05/21/2010,62.0,63.0,62.0,62.0,72900,68.00,62.00,65.0,-3.00,-4.62,0,0,0
KSB,05/20/2010,0.0,65.0,63.5,65.0,27410,65.50,59.50,62.5,2.50,4.00,0,0,0
KSB,05/19/2010,0.0,63.5,62.5,62.5,23490,68.00,62.00,65.0,-2.50,-3.85,0,0,0
KSB,05/18/2010,0.0,65.0,63.0,65.0,15110,66.50,60.50,63.5,1.50,2.36,0,0,0
KSB,05/17/2010,64.5,64.5,63.0,63.5,38390,67.50,61.50,64.5,-1.00,-1.55,0,0,0
KSB,05/14/2010,66.5,67.0,64.5,64.5,2600,67.50,61.50,64.5,0.00,0.00,0,20,0
KSB,05/13/2010,66.0,66.0,63.5,64.5,40700,66.50,60.50,63.5,1.00,1.57,0,0,0
KSB,05/12/2010,0.0,65.5,63.0,63.5,87360,69.00,63.00,66.0,-2.50,-3.79,0,0,0
KSB,05/11/2010,67.0,67.0,65.0,66.0,86010,69.00,63.00,66.0,0.00,0.00,0,1700,15000
KSB,05/10/2010,69.0,69.0,66.0,66.0,66120,72.00,66.00,69.0,-3.00,-4.35,0,0,0
KSB,05/07/2010,69.5,69.5,66.5,69.0,60120,73.50,66.50,70.0,-1.00,-1.43,0,0,20000
KSB,05/06/2010,71.0,72.0,69.0,70.0,33050,74.50,67.50,71.0,-1.00,-1.41,20000,1150,0
KSB,05/05/2010,71.5,74.5,71.0,71.0,119020,78.00,71.00,74.5,-3.50,-4.70,0,0,0
KSB,05/04/2010,74.5,74.5,73.5,74.5,167530,74.50,67.50,71.0,3.50,4.93,0,15000,0
KSB,04/29/2010,71.0,71.0,70.0,71.0,219200,71.00,65.00,68.0,3.00,4.41,0,0,0
KSB,04/28/2010,68.0,68.0,67.0,68.0,68620,68.00,62.00,65.0,3.00,4.62,20000,0,0
KSB,04/27/2010,0.0,65.5,64.5,65.0,25870,68.00,62.00,65.0,0.00,0.00,0,0,0
KSB,04/26/2010,68.0,68.0,64.0,65.0,27930,69.00,63.00,66.0,-1.00,-1.52,0,0,0
KSB,04/22/2010,65.0,67.0,65.0,66.0,79610,67.00,61.00,64.0,2.00,3.13,0,0,0
KSB,04/21/2010,0.0,64.5,63.0,64.0,61700,67.00,61.00,64.0,0.00,0.00,0,0,2000
KSB,04/20/2010,64.5,66.0,64.0,64.0,31410,67.00,61.00,64.0,0.00,0.00,0,0,0
KSB,04/19/2010,64.5,65.0,64.0,64.0,58130,68.00,62.00,65.0,-1.00,-1.54,0,0,0
KSB,04/16/2010,0.0,66.5,64.5,65.0,38810,68.50,62.50,65.5,-0.50,-0.76,0,0,500
KSB,04/15/2010,64.5,65.5,64.5,65.5,53110,67.50,61.50,64.5,1.00,1.55,0,2000,500
KSB,04/14/2010,0.0,65.5,64.0,64.5,24040,67.50,61.50,64.5,0.00,0.00,0,0,0
KSB,04/13/2010,64.5,65.0,64.5,64.5,14800,68.00,62.00,65.0,-0.50,-0.77,0,0,0
KSB,04/12/2010,65.5,65.5,64.0,65.0,66430,68.50,62.50,65.5,-0.50,-0.76,0,0,4000
KSB,04/09/2010,67.5,67.5,65.0,65.5,72800,70.50,64.50,67.5,-2.00,-2.96,0,20000,0
KSB,04/08/2010,66.0,68.5,66.0,67.5,26360,71.00,65.00,68.0,-0.50,-0.74,0,0,440
KSB,04/07/2010,68.0,69.0,66.5,68.0,69570,69.50,63.50,66.5,1.50,2.26,0,500,0
KSB,04/06/2010,66.5,67.0,66.5,66.5,160090,67.00,61.00,64.0,2.50,3.91,0,2000,0
KSB,04/05/2010,64.0,65.5,64.0,64.0,59890,67.00,61.00,64.0,0.00,0.00,0,0,0
KSB,04/02/2010,65.0,65.0,63.0,64.0,55130,69.00,63.00,66.0,-2.00,-3.03,0,440,500
KSB,04/01/2010,66.0,66.0,64.5,66.0,25860,69.00,63.00,66.0,0.00,0.00,0,0,0
KSB,03/31/2010,64.0,66.5,64.0,66.0,44990,68.00,62.00,65.0,1.00,1.54,0,0,0
KSB,03/30/2010,67.5,67.5,65.0,65.0,44400,69.50,63.50,66.5,-1.50,-2.26,0,2500,0
KSB,03/29/2010,63.0,66.5,63.0,66.5,113090,66.50,60.50,63.5,3.00,4.72,0,2500,0
KSB,03/26/2010,63.5,64.0,62.5,63.5,23370,66.50,60.50,63.5,0.00,0.00,0,0,0
KSB,03/25/2010,62.0,65.5,60.5,63.5,64560,66.50,60.50,63.5,0.00,0.00,0,0,0
KSB,03/24/2010,62.5,63.5,62.5,63.5,43340,63.50,57.50,60.5,3.00,4.96,0,0,0
KSB,03/23/2010,0.0,62.5,60.5,60.5,36220,66.00,60.00,63.0,-2.50,-3.97,0,0,0
KSB,03/22/2010,0.0,64.0,62.0,63.0,25430,67.00,61.00,64.0,-1.00,-1.56,0,0,0
KSB,03/19/2010,64.5,65.0,64.0,64.0,25480,69.00,63.00,66.0,-2.00,-3.03,0,0,0
KSB,03/18/2010,66.0,66.0,63.5,66.0,54740,67.00,61.00,64.0,2.00,3.12,0,0,0
KSB,03/17/2010,65.5,67.0,64.0,66.0,87110,68.00,62.00,65.0,1.00,1.54,20000,2000,0
KSB,03/16/2010,65.0,67.5,64.5,65.0,136220,70.00,64.00,67.0,-2.00,-2.99,0,0,0
KSB,03/15/2010,70.0,70.0,66.0,67.0,69650,72.00,66.00,69.0,-2.00,-2.90,0,0,1000
KSB,03/12/2010,69.5,69.5,67.0,69.0,204770,69.50,63.50,66.5,2.50,3.76,0,0,300
KSB,03/11/2010,66.0,66.5,66.0,66.5,110820,66.50,60.50,63.5,3.00,4.72,0,1300,1000
KSB,03/10/2010,63.0,63.5,61.5,63.5,100670,63.50,57.50,60.5,3.00,4.96,0,0,1300
KSB,03/09/2010,59.5,60.5,59.0,60.5,121310,60.50,55.50,58.0,2.50,4.31,0,1500,1000
KSB,03/08/2010,59.5,61.0,58.0,58.0,68000,61.50,56.50,59.0,-1.00,-1.69,0,0,500
KSB,03/05/2010,56.5,59.0,56.5,59.0,118420,59.00,54.00,56.5,2.50,4.42,0,1100,0
KSB,03/04/2010,57.0,57.5,56.0,56.5,67340,58.50,53.50,56.0,0.50,0.89,0,0,0
KSB,03/03/2010,57.5,57.5,56.0,56.0,11990,58.50,53.50,56.0,0.00,0.00,0,0,0
KSB,03/02/2010,57.5,57.5,56.0,56.0,59240,59.50,54.50,57.0,-1.00,-1.75,0,0,0
KSB,03/01/2010,56.0,58.5,56.0,57.0,82290,58.50,53.50,56.0,1.00,1.79,0,3000,0
KSB,02/26/2010,56.5,57.0,55.5,56.0,26660,59.50,54.50,57.0,-1.00,-1.75,0,0,0
KSB,02/25/2010,57.5,58.0,56.0,57.0,49370,58.50,53.50,56.0,1.00,1.79,0,0,0
KSB,02/24/2010,53.5,56.0,53.0,56.0,45540,56.00,51.00,53.5,2.50,4.67,0,0,0
KSB,02/23/2010,54.5,55.0,53.5,53.5,52540,58.50,53.50,56.0,-2.50,-4.46,0,10,500
KSB,02/22/2010,57.0,57.0,55.0,56.0,24430,59.00,54.00,56.5,-0.50,-0.88,0,0,0
KSB,02/12/2010,58.0,58.0,56.5,56.5,16200,59.50,54.50,57.0,-0.50,-0.88,0,0,1000
KSB,02/11/2010,57.0,57.0,55.0,57.0,29860,59.00,54.00,56.5,0.50,0.88,0,90,9010
KSB,02/10/2010,58.0,58.0,56.0,56.5,46980,58.50,53.50,56.0,0.50,0.89,0,8000,38890
KSB,02/09/2010,53.5,56.0,53.5,56.0,21980,57.00,52.00,54.5,1.50,2.75,0,2900,2460
KSB,02/08/2010,56.0,56.5,54.5,54.5,86260,59.50,54.50,57.0,-2.50,-4.39,80000,0,65330
KSB,02/05/2010,59.0,59.5,57.0,57.0,99420,62.00,57.00,59.5,-2.50,-4.20,0,0,6700
KSB,02/04/2010,0.0,61.0,57.5,59.5,32360,62.00,57.00,59.5,0.00,0.00,0,2500,5840
KSB,02/03/2010,60.0,60.0,59.0,59.5,15730,62.00,57.00,59.5,0.00,0.00,0,1460,6120
KSB,02/02/2010,63.5,63.5,59.5,59.5,87660,64.00,58.00,61.0,-1.50,-2.46,0,1000,42050
KSB,02/01/2010,60.5,61.0,60.0,61.0,205650,61.00,56.00,58.5,2.50,4.27,0,0,19000
KSB,01/29/2010,58.5,58.5,58.5,58.5,1020,58.50,53.50,56.0,2.50,4.46,0,0,0
KSB,01/28/2010,0.0,56.0,56.0,56.0,8000,56.00,51.00,53.5,2.50,4.67,0,0,2000
KSB,01/27/2010,0.0,53.5,53.5,53.5,20,53.50,48.50,51.0,2.50,4.90,100000,0,0
KSB,01/26/2010,0.0,51.0,51.0,51.0,20,51.00,46.20,48.6,2.40,4.94,0,0,0
KSB,01/25/2010,0.0,48.6,48.6,48.6,20,48.60,44.00,46.3,2.30,4.97,0,0,0
KSB,01/22/2010,0.0,46.3,46.3,46.3,10,46.30,41.90,44.1,2.20,4.99,30000,0,0
KSB,01/21/2010,0.0,44.1,44.1,44.1,20,44.10,39.90,42.0,2.10,5.00,50000,0,0
KSB,01/20/2010,0.0,42.0,42.0,42.0,20,42.00,28.00,0.0,42.00,0.00,0,0,0
