MaCK,Ngay,GiaMoCua,GiaCaoNhat,GiaThapNhat,GiaDongCua,KhoiLuongGD,GiaTran,GiaSan,GiaThamChieu,TangGiam,%,GDThoaThuan,NNMua,NNBan
KSD,08/09/2010,25.0,25.0,23.3,24.5,76400,26.70,23.30,25.0,-0.50,-2.00,0,0,0
KSD,08/06/2010,24.2,25.8,24.2,25.0,39400,27.30,23.90,25.6,-0.60,-2.34,0,0,0
KSD,08/05/2010,25.9,26.7,24.7,25.6,35200,26.80,23.40,25.1,0.50,1.99,0,0,0
KSD,08/04/2010,26.1,26.1,24.7,25.1,57300,28.10,24.50,26.3,-1.20,-4.56,0,0,0
KSD,08/03/2010,27.5,27.5,26.1,26.3,78300,29.90,26.10,28.0,-1.70,-6.07,0,0,0
KSD,08/02/2010,27.0,28.1,24.6,28.0,179000,28.10,24.50,26.3,1.70,6.46,0,0,0
KSD,07/30/2010,26.3,27.4,25.7,26.3,104800,27.40,24.00,25.7,0.60,2.33,0,0,0
KSD,07/29/2010,26.3,26.3,25.5,25.7,37100,27.40,24.00,25.7,0.00,0.00,0,0,0
KSD,07/28/2010,27.3,27.3,25.4,25.7,163800,29.20,25.40,27.3,-1.60,-5.86,0,0,0
KSD,07/27/2010,28.4,28.4,26.8,27.3,44200,30.00,26.20,28.1,-0.80,-2.85,0,0,0
KSD,07/26/2010,29.5,29.5,27.9,28.1,112200,31.90,27.90,29.9,-1.80,-6.02,0,0,0
KSD,07/23/2010,32.7,32.9,28.8,29.9,155400,32.90,28.70,30.8,-0.90,-2.92,0,0,0
KSD,07/22/2010,30.5,30.8,28.9,30.8,415100,30.80,26.80,28.8,2.00,6.94,0,0,0
KSD,07/21/2010,28.0,28.8,28.0,28.8,244100,28.80,25.20,27.0,1.80,6.67,0,2000,0
KSD,07/20/2010,26.3,27.9,26.3,27.0,35100,28.50,24.90,26.7,0.30,1.12,0,0,0
KSD,07/19/2010,26.0,27.0,26.0,26.7,29100,28.60,25.00,26.8,-0.10,-0.37,0,0,0
KSD,07/16/2010,27.2,27.3,26.6,26.8,19300,28.40,24.80,26.6,0.20,0.75,0,0,0
KSD,07/15/2010,26.6,27.5,26.2,26.6,27700,29.40,25.60,27.5,-0.90,-3.27,0,0,0
KSD,07/14/2010,27.5,28.0,27.2,27.5,17900,29.60,25.80,27.7,-0.20,-0.72,0,0,0
KSD,07/13/2010,28.5,28.5,27.6,27.7,13600,28.90,25.30,27.1,0.60,2.21,0,0,0
KSD,07/12/2010,27.1,27.3,27.0,27.1,10800,28.80,25.20,27.0,0.10,0.37,0,0,0
KSD,07/09/2010,26.5,27.2,26.5,27.0,24600,28.40,24.80,26.6,0.40,1.50,0,0,0
KSD,07/08/2010,26.8,27.0,26.5,26.6,25500,28.60,25.00,26.8,-0.20,-0.75,0,0,0
KSD,07/07/2010,27.5,27.5,26.0,26.8,40400,29.30,25.50,27.4,-0.60,-2.19,0,0,0
KSD,07/06/2010,28.0,28.0,27.0,27.4,21700,29.70,25.90,27.8,-0.40,-1.44,0,0,0
KSD,07/05/2010,28.1,28.1,27.6,27.8,32800,29.50,25.70,27.6,0.20,0.72,0,0,0
KSD,07/02/2010,28.0,28.0,27.3,27.6,9100,29.80,26.00,27.9,-0.30,-1.08,0,0,0
KSD,07/01/2010,28.2,28.3,27.1,27.9,26700,29.70,25.90,27.8,0.10,0.36,0,0,0
KSD,06/30/2010,27.6,28.5,27.5,27.8,42400,31.10,27.10,29.1,-1.30,-4.47,0,0,0
KSD,06/29/2010,31.3,31.3,28.6,29.1,32900,31.90,27.90,29.9,-0.80,-2.68,0,0,0
KSD,06/28/2010,32.0,32.0,29.3,29.9,31200,32.60,28.40,30.5,-0.60,-1.97,0,0,0
KSD,06/25/2010,29.5,31.2,29.2,30.5,80800,31.20,27.20,29.2,1.30,4.45,0,0,1100
KSD,06/24/2010,29.0,30.0,27.8,29.2,65300,31.80,27.80,29.8,-0.60,-2.01,0,0,1000
KSD,06/23/2010,30.0,31.0,29.3,29.8,60800,33.10,28.90,31.0,-1.20,-3.87,0,0,0
KSD,06/22/2010,32.0,32.5,30.1,31.0,39000,34.50,30.10,32.3,-1.30,-4.02,0,0,0
KSD,06/21/2010,32.0,34.5,31.1,32.3,72000,34.70,30.30,32.5,-0.20,-0.62,0,0,0
KSD,06/18/2010,34.0,34.0,32.3,32.5,126500,37.10,32.30,34.7,-2.20,-6.34,0,0,0
KSD,06/17/2010,34.7,34.7,34.0,34.7,120000,34.70,30.30,32.5,2.20,6.77,0,0,0
KSD,06/16/2010,32.5,32.5,32.0,32.5,130500,32.50,28.30,30.4,2.10,6.91,0,2100,0
KSD,06/15/2010,30.4,30.4,30.4,30.4,86600,30.40,26.60,28.5,1.90,6.67,0,0,0
KSD,06/14/2010,26.4,28.6,26.4,28.5,106500,28.60,25.00,26.8,1.70,6.34,0,0,0
KSD,06/11/2010,27.7,27.8,26.6,26.8,25000,28.20,24.60,26.4,0.40,1.52,0,0,0
KSD,06/10/2010,26.8,27.2,26.0,26.4,7000,29.20,25.40,27.3,-0.90,-3.30,0,0,0
KSD,06/09/2010,28.4,28.4,27.0,27.3,4300,29.30,25.50,27.4,-0.10,-0.36,0,0,0
KSD,06/08/2010,27.6,27.7,26.9,27.4,6800,27.90,24.30,26.1,1.30,4.98,0,0,0
KSD,06/07/2010,27.5,27.5,25.8,26.1,31900,29.60,25.80,27.7,-1.60,-5.78,0,0,0
KSD,06/04/2010,27.9,27.9,27.0,27.7,11500,29.50,25.70,27.6,0.10,0.36,0,0,0
KSD,06/03/2010,27.5,28.0,27.0,27.6,11600,29.20,25.40,27.3,0.30,1.10,0,0,0
KSD,06/02/2010,27.0,27.8,27.0,27.3,10300,28.90,25.30,27.1,0.20,0.74,0,0,0
KSD,06/01/2010,27.0,28.0,26.6,27.1,20100,30.60,26.60,28.6,-1.50,-5.24,0,0,0
KSD,05/31/2010,29.0,29.8,28.2,28.6,23600,32.40,28.20,30.3,-1.70,-5.61,0,0,0
KSD,05/28/2010,30.9,30.9,29.0,30.3,53800,30.90,26.90,28.9,1.40,4.84,0,0,0
KSD,05/27/2010,28.0,29.5,27.5,28.9,19800,29.50,25.70,27.6,1.30,4.71,0,0,0
KSD,05/26/2010,25.8,28.0,25.8,27.6,43500,28.00,24.40,26.2,1.40,5.34,0,0,0
KSD,05/25/2010,26.0,26.6,25.8,26.2,31000,29.60,25.80,27.7,-1.50,-5.42,0,0,0
KSD,05/24/2010,27.5,29.5,27.5,27.7,21400,31.50,27.50,29.5,-1.80,-6.10,0,0,0
KSD,05/21/2010,29.5,29.5,29.5,29.5,12100,33.90,29.50,31.7,-2.20,-6.94,0,0,0
KSD,05/20/2010,31.0,35.3,31.0,31.7,45300,35.60,31.00,33.3,-1.60,-4.80,0,0,0
KSD,05/19/2010,33.3,33.4,33.3,33.3,23900,38.10,33.30,35.7,-2.40,-6.72,0,0,0
KSD,05/18/2010,38.0,38.0,35.4,35.7,30000,40.60,35.40,38.0,-2.30,-6.05,0,0,0
KSD,05/17/2010,36.0,38.3,36.0,38.0,65700,38.30,33.30,35.8,2.20,6.15,0,0,0
KSD,05/14/2010,33.8,38.8,33.8,35.8,80000,38.80,33.80,36.3,-0.50,-1.38,0,0,0
KSD,05/13/2010,36.3,36.3,36.3,36.3,11000,41.70,36.30,39.0,-2.70,-6.92,0,0,0
KSD,05/12/2010,39.0,39.0,39.0,39.0,20800,44.80,39.00,41.9,-2.90,-6.92,0,0,0
KSD,05/11/2010,41.9,43.0,41.9,41.9,48500,48.10,41.90,45.0,-3.10,-6.89,0,0,0
KSD,05/10/2010,45.0,45.0,45.0,45.0,300,51.60,45.00,48.3,-3.30,-6.83,0,0,0
KSD,05/07/2010,48.3,48.3,48.3,48.3,3000,55.50,48.30,51.9,-3.60,-6.94,0,0,0
KSD,05/06/2010,51.5,54.0,51.5,51.9,17600,59.10,51.50,55.3,-3.40,-6.15,0,0,0
KSD,05/05/2010,56.0,56.5,53.3,55.3,10000,57.00,49.60,53.3,2.00,3.75,0,0,0
KSD,05/04/2010,52.5,56.1,50.0,53.3,45300,56.10,48.90,52.5,0.80,1.52,0,0,0
KSD,04/29/2010,49.0,53.3,49.0,52.5,70600,53.30,46.50,49.9,2.60,5.21,0,0,0
KSD,04/28/2010,50.0,61.0,46.2,49.9,124700,0.00,0.00,0.0,49.90,0.00,0,0,0
