MaCK,Ngay,GiaMoCua,GiaCaoNhat,GiaThapNhat,GiaDongCua,KhoiLuongGD,GiaTran,GiaSan,GiaThamChieu,TangGiam,%,GDThoaThuan,NNMua,NNBan
PGT,08/11/2010,11.3,12.4,11.3,12.1,166900,12.70,11.10,11.9,0.20,1.68,0,0,0
PGT,08/10/2010,12.5,12.5,11.7,11.9,183800,13.30,11.70,12.5,-0.60,-4.80,0,0,0
PGT,08/09/2010,12.9,12.9,12.4,12.5,128800,14.10,12.30,13.2,-0.70,-5.30,0,0,0
PGT,08/06/2010,13.4,13.8,12.9,13.2,93400,14.10,12.30,13.2,0.00,0.00,0,0,0
PGT,08/05/2010,12.8,13.3,12.8,13.2,328600,13.30,11.70,12.5,0.70,5.60,0,0,0
PGT,08/04/2010,12.9,13.0,12.3,12.5,205900,14.10,12.30,13.2,-0.70,-5.30,0,0,0
PGT,08/03/2010,14.0,14.0,13.0,13.2,115100,14.40,12.60,13.5,-0.30,-2.22,0,300,0
PGT,08/02/2010,13.7,14.0,13.3,13.5,124400,14.90,13.10,14.0,-0.50,-3.57,0,0,0
PGT,07/30/2010,14.0,14.2,13.6,14.0,92800,14.70,12.90,13.8,0.20,1.45,0,0,0
PGT,07/29/2010,13.6,14.0,13.5,13.8,176900,14.50,12.70,13.6,0.20,1.47,0,2000,0
PGT,07/28/2010,14.2,14.2,13.3,13.6,221400,15.10,13.30,14.2,-0.60,-4.23,0,0,0
PGT,07/27/2010,14.3,14.5,13.9,14.2,58800,15.30,13.30,14.3,-0.10,-0.70,0,0,0
PGT,07/26/2010,14.8,15.0,14.0,14.3,117900,15.90,13.90,14.9,-0.60,-4.03,0,0,7000
PGT,07/23/2010,15.0,15.2,14.7,14.9,157800,16.10,14.10,15.1,-0.20,-1.32,0,0,0
PGT,07/22/2010,15.0,15.9,14.6,15.1,355700,16.40,14.40,15.4,-0.30,-1.95,0,0,5000
PGT,07/21/2010,15.9,15.9,15.0,15.4,302800,17.00,14.80,15.9,-0.50,-3.14,0,8000,18000
PGT,07/20/2010,16.8,16.9,15.2,15.9,366000,17.00,14.80,15.9,0.00,0.00,0,0,0
PGT,07/19/2010,15.6,15.9,15.3,15.9,445200,15.90,13.90,14.9,1.00,6.71,0,0,0
PGT,07/16/2010,14.3,14.9,14.3,14.9,337900,14.90,13.10,14.0,0.90,6.43,0,0,3000
PGT,07/15/2010,13.5,14.3,13.2,14.0,648900,14.30,12.50,13.4,0.60,4.48,0,19000,0
PGT,07/14/2010,13.8,13.8,13.1,13.4,182200,14.30,12.50,13.4,0.00,0.00,0,0,0
PGT,07/13/2010,12.9,13.8,12.9,13.4,231900,13.80,12.00,12.9,0.50,3.88,0,8000,0
PGT,07/12/2010,13.0,13.1,12.7,12.9,55300,13.60,12.00,12.8,0.10,0.78,0,3000,0
PGT,07/09/2010,12.8,13.0,12.5,12.8,82800,13.90,12.10,13.0,-0.20,-1.54,0,4600,0
PGT,07/08/2010,13.1,13.5,12.7,13.0,38000,14.10,12.30,13.2,-0.20,-1.52,0,0,0
PGT,07/07/2010,12.7,13.4,12.7,13.2,230200,13.40,11.80,12.6,0.60,4.76,0,0,0
PGT,07/06/2010,13.3,13.3,12.4,12.6,120200,14.00,12.20,13.1,-0.50,-3.82,0,3200,0
PGT,07/05/2010,13.0,13.4,12.5,13.1,100400,14.10,12.30,13.2,-0.10,-0.76,0,0,0
PGT,07/02/2010,13.8,13.8,12.9,13.2,97200,14.20,12.40,13.3,-0.10,-0.75,0,1000,0
PGT,07/01/2010,12.0,13.4,12.0,13.3,265600,13.40,11.80,12.6,0.70,5.56,0,2200,0
PGT,06/30/2010,12.9,12.9,12.3,12.6,103200,14.10,12.30,13.2,-0.60,-4.55,0,0,0
PGT,06/29/2010,13.0,13.8,13.0,13.2,183000,14.30,12.50,13.4,-0.20,-1.49,0,0,0
PGT,06/28/2010,13.9,13.9,13.2,13.4,269500,15.00,13.20,14.1,-0.70,-4.96,0,0,0
PGT,06/25/2010,14.9,14.9,13.5,14.1,409500,15.00,13.20,14.1,0.00,0.00,0,0,0
PGT,06/24/2010,14.1,14.1,13.9,14.1,216100,14.10,12.30,13.2,0.90,6.82,0,0,0
PGT,06/23/2010,12.5,13.3,11.9,13.2,458400,13.30,11.70,12.5,0.70,5.60,0,0,0
PGT,06/22/2010,12.3,12.5,12.0,12.5,430100,12.50,10.90,11.7,0.80,6.84,0,0,0
PGT,06/21/2010,11.1,11.8,11.1,11.7,146400,11.80,10.40,11.1,0.60,5.41,0,0,0
PGT,06/18/2010,11.0,11.3,10.9,11.1,75300,11.70,10.30,11.0,0.10,0.91,0,0,0
PGT,06/17/2010,11.2,11.2,10.8,11.0,127100,12.00,10.60,11.3,-0.30,-2.65,0,0,0
PGT,06/16/2010,11.5,11.7,11.2,11.3,63400,11.90,10.50,11.2,0.10,0.89,0,0,0
PGT,06/15/2010,11.5,11.5,10.9,11.2,55300,12.30,10.70,11.5,-0.30,-2.61,0,0,0
PGT,06/14/2010,11.6,11.8,11.4,11.5,69400,12.00,10.60,11.3,0.20,1.77,0,0,0
PGT,06/11/2010,11.2,11.6,11.0,11.3,91700,11.60,10.20,10.9,0.40,3.67,0,0,0
PGT,06/10/2010,11.3,11.3,10.5,10.9,76100,11.80,10.40,11.1,-0.20,-1.80,0,0,0
PGT,06/09/2010,11.5,11.5,10.8,11.1,26600,11.70,10.30,11.0,0.10,0.91,0,0,0
PGT,06/08/2010,10.9,11.3,10.8,11.0,65700,11.60,10.20,10.9,0.10,0.92,0,0,0
PGT,06/07/2010,11.3,11.3,10.9,10.9,95700,12.50,10.90,11.7,-0.80,-6.84,0,0,0
PGT,06/04/2010,12.4,12.4,11.3,11.7,27600,12.60,11.00,11.8,-0.10,-0.85,0,0,0
PGT,06/03/2010,11.8,11.8,11.7,11.8,123000,11.80,10.40,11.1,0.70,6.31,0,0,0
PGT,06/02/2010,11.1,11.7,10.5,11.1,88700,11.80,10.40,11.1,0.00,0.00,0,0,0
PGT,06/01/2010,11.3,11.4,11.0,11.1,104600,12.60,11.00,11.8,-0.70,-5.93,0,0,0
PGT,05/31/2010,12.6,12.6,11.7,11.8,51200,13.30,11.70,12.5,-0.70,-5.60,0,0,0
PGT,05/28/2010,12.2,12.6,12.0,12.5,160700,12.60,11.00,11.8,0.70,5.93,0,0,6100
PGT,05/27/2010,12.0,12.0,11.5,11.8,119200,12.70,11.10,11.9,-0.10,-0.84,0,0,0
PGT,05/26/2010,11.8,12.0,11.0,11.9,135100,12.00,10.60,11.3,0.60,5.31,0,0,0
PGT,05/25/2010,10.8,11.3,10.6,11.3,175200,11.30,9.90,10.6,0.70,6.60,0,0,0
PGT,05/24/2010,10.3,10.7,10.0,10.6,39800,10.70,9.30,10.0,0.60,6.00,0,6100,0
PGT,05/21/2010,10.7,10.8,9.9,10.0,140200,11.30,9.90,10.6,-0.60,-5.66,0,10000,0
PGT,05/20/2010,11.2,11.4,10.5,10.6,186900,11.90,10.50,11.2,-0.60,-5.36,0,0,0
PGT,05/19/2010,11.5,11.5,11.2,11.2,39500,12.80,11.20,12.0,-0.80,-6.67,0,0,0
PGT,05/18/2010,12.8,12.8,11.9,12.0,49300,13.50,11.90,12.7,-0.70,-5.51,0,0,0
PGT,05/17/2010,12.9,12.9,12.3,12.7,89400,12.90,11.30,12.1,0.60,4.96,0,0,0
PGT,05/14/2010,11.3,12.1,11.3,12.1,82500,12.10,10.70,11.4,0.70,6.14,0,0,0
PGT,05/13/2010,11.3,12.0,11.2,11.4,149100,12.80,11.20,12.0,-0.60,-5.00,0,0,0
PGT,05/12/2010,12.2,12.8,12.0,12.0,59800,13.60,12.00,12.8,-0.80,-6.25,0,0,0
PGT,05/11/2010,14.2,14.2,12.6,12.8,181400,14.40,12.60,13.5,-0.70,-5.19,0,0,0
PGT,05/10/2010,14.1,14.3,13.4,13.5,211800,15.40,13.40,14.4,-0.90,-6.25,0,0,0
PGT,05/07/2010,14.9,15.2,13.7,14.4,326500,15.70,13.70,14.7,-0.30,-2.04,0,0,0
PGT,05/06/2010,13.9,14.9,13.9,14.7,181800,14.90,13.10,14.0,0.70,5.00,0,0,0
PGT,05/05/2010,14.5,14.9,13.3,14.0,266500,15.00,13.20,14.1,-0.10,-0.71,0,0,0
PGT,05/04/2010,14.0,14.1,14.0,14.1,233600,14.10,12.30,13.2,0.90,6.82,0,0,0
PGT,04/29/2010,13.2,13.2,12.5,13.2,288400,13.20,11.60,12.4,0.80,6.45,0,0,0
PGT,04/28/2010,11.7,12.5,11.7,12.4,192700,12.50,10.90,11.7,0.70,5.98,0,0,0
PGT,04/27/2010,11.5,12.3,11.5,11.7,322600,13.10,11.50,12.3,-0.60,-4.88,0,0,0
PGT,04/26/2010,13.0,13.2,12.3,12.3,31400,14.10,12.30,13.2,-0.90,-6.82,0,0,0
PGT,04/22/2010,13.4,13.4,12.0,13.2,797100,13.40,11.80,12.6,0.60,4.76,0,0,0
PGT,04/21/2010,12.6,12.6,12.6,12.6,248200,12.60,11.00,11.8,0.80,6.78,0,0,0
PGT,04/20/2010,11.8,11.8,11.8,11.8,154700,11.80,10.40,11.1,0.70,6.31,0,0,0
PGT,04/19/2010,11.0,11.1,10.9,11.1,171700,11.10,9.70,10.4,0.70,6.73,0,0,0
PGT,04/16/2010,10.0,10.4,10.0,10.4,297500,10.40,9.20,9.8,0.60,6.12,0,0,0
PGT,04/15/2010,9.5,9.9,9.5,9.8,326100,9.90,8.70,9.3,0.50,5.38,0,0,0
PGT,04/14/2010,9.3,9.5,9.3,9.3,92000,10.50,9.30,9.9,-0.60,-6.06,0,0,0
PGT,04/13/2010,10.3,10.3,9.3,9.9,135300,10.30,9.10,9.7,0.20,2.06,0,0,0
PGT,04/12/2010,9.4,9.7,9.2,9.7,118300,9.70,8.50,9.1,0.60,6.59,0,0,0
PGT,04/09/2010,8.9,9.2,8.9,9.1,79500,9.20,8.00,8.6,0.50,5.81,0,0,0
PGT,04/08/2010,8.5,8.8,8.4,8.6,102200,8.80,7.80,8.3,0.30,3.61,8200,0,0
PGT,04/07/2010,8.3,8.5,8.2,8.3,47100,8.80,7.80,8.3,0.00,0.00,0,0,0
PGT,04/06/2010,8.3,8.4,8.2,8.3,30800,8.80,7.80,8.3,0.00,0.00,0,0,0
PGT,04/05/2010,8.3,8.4,8.2,8.3,19700,8.80,7.80,8.3,0.00,0.00,0,0,0
PGT,04/02/2010,8.7,8.7,8.2,8.3,10600,8.70,7.70,8.2,0.10,1.22,0,0,0
PGT,04/01/2010,8.3,8.4,8.1,8.2,17700,8.70,7.70,8.2,0.00,0.00,0,0,0
PGT,03/31/2010,8.4,8.4,8.0,8.2,10300,8.80,7.80,8.3,-0.10,-1.20,0,0,0
PGT,03/30/2010,8.6,8.7,8.2,8.3,33900,9.20,8.00,8.6,-0.30,-3.49,0,0,0
PGT,03/29/2010,8.6,8.7,8.5,8.6,18400,9.20,8.00,8.6,0.00,0.00,0,0,0
PGT,03/26/2010,8.7,9.0,8.5,8.6,12300,9.00,8.00,8.5,0.10,1.18,0,0,0
PGT,03/25/2010,8.8,8.8,8.4,8.5,18400,9.50,8.30,8.9,-0.40,-4.49,0,0,0
PGT,03/24/2010,8.8,9.0,8.8,8.9,37900,9.40,8.20,8.8,0.10,1.14,0,0,0
PGT,03/23/2010,8.7,8.9,8.7,8.8,40200,9.50,8.30,8.9,-0.10,-1.12,0,5000,0
PGT,03/22/2010,9.0,9.1,8.8,8.9,17100,9.70,8.50,9.1,-0.20,-2.20,0,0,0
PGT,03/19/2010,9.2,9.2,9.0,9.1,25700,9.70,8.50,9.1,0.00,0.00,0,0,0
PGT,03/18/2010,9.0,9.2,9.0,9.1,57400,9.70,8.50,9.1,0.00,0.00,0,10200,0
PGT,03/17/2010,9.1,9.2,9.0,9.1,44300,9.60,8.40,9.0,0.10,1.11,0,0,0
PGT,03/16/2010,9.5,9.6,9.3,9.5,47800,10.10,8.90,9.5,0.00,0.00,0,5200,0
PGT,03/15/2010,9.5,9.7,9.1,9.5,108200,10.00,8.80,9.4,0.10,1.06,0,20000,1100
PGT,03/12/2010,9.6,9.8,9.3,9.4,67400,9.90,8.70,9.3,0.10,1.08,0,0,1000
PGT,03/11/2010,9.5,9.5,9.2,9.3,50000,9.80,8.60,9.2,0.10,1.09,0,0,0
PGT,03/10/2010,9.3,9.4,9.0,9.2,57200,10.10,8.90,9.5,-0.30,-3.16,0,1000,0
PGT,03/09/2010,10.3,10.3,9.4,9.5,31400,10.30,9.10,9.7,-0.20,-2.06,0,0,0
PGT,03/08/2010,9.3,9.8,9.2,9.7,142100,9.80,8.60,9.2,0.50,5.43,0,0,0
PGT,03/05/2010,9.0,9.5,8.9,9.2,83600,10.00,8.80,9.4,-0.20,-2.13,0,7800,0
PGT,03/04/2010,10.0,10.0,9.2,9.4,81900,10.40,9.20,9.8,-0.40,-4.08,0,0,0
PGT,03/03/2010,10.0,10.0,9.6,9.8,96200,10.00,8.80,9.4,0.40,4.26,0,1100,0
PGT,03/02/2010,9.4,9.4,9.2,9.4,142200,9.40,8.20,8.8,0.60,6.82,0,0,0
PGT,03/01/2010,8.8,8.8,8.6,8.8,96700,8.80,7.80,8.3,0.50,6.02,0,0,0
PGT,02/26/2010,8.0,8.4,8.0,8.3,101900,8.40,7.40,7.9,0.40,5.06,0,12000,0
PGT,02/25/2010,8.1,8.1,7.8,7.9,6100,8.40,7.40,7.9,0.00,0.00,0,0,0
PGT,02/24/2010,7.9,8.0,7.8,7.9,1600,8.40,7.40,7.9,0.00,0.00,0,0,0
PGT,02/23/2010,8.0,8.0,7.8,7.9,6100,8.50,7.50,8.0,-0.10,-1.25,0,0,0
PGT,02/22/2010,8.3,8.3,8.0,8.0,11500,8.70,7.70,8.2,-0.20,-2.44,0,0,0
PGT,02/12/2010,8.3,8.3,8.1,8.2,4800,8.50,7.50,8.0,0.20,2.50,0,0,0
PGT,02/11/2010,8.0,8.1,7.9,8.0,8300,8.50,7.50,8.0,0.00,0.00,0,0,0
PGT,02/10/2010,8.0,8.1,7.8,8.0,8400,8.50,7.50,8.0,0.00,0.00,0,0,0
PGT,02/09/2010,8.2,8.2,8.0,8.0,6100,8.70,7.70,8.2,-0.20,-2.44,0,0,0
PGT,02/08/2010,8.2,8.3,8.0,8.2,7000,8.50,7.50,8.0,0.20,2.50,0,0,0
PGT,02/05/2010,8.3,8.3,8.0,8.0,12400,8.90,7.90,8.4,-0.40,-4.76,0,0,0
PGT,02/04/2010,8.4,8.5,8.3,8.4,24700,8.70,7.70,8.2,0.20,2.44,0,0,0
PGT,02/03/2010,8.1,8.4,8.1,8.2,7300,8.70,7.70,8.2,0.00,0.00,0,0,0
PGT,02/02/2010,8.3,8.3,8.2,8.2,9500,8.90,7.90,8.4,-0.20,-2.38,0,0,0
PGT,02/01/2010,8.4,8.5,8.3,8.4,27100,8.80,7.80,8.3,0.10,1.20,0,0,0
PGT,01/29/2010,8.4,8.5,8.2,8.3,26400,8.50,7.50,8.0,0.30,3.75,0,0,0
PGT,01/28/2010,8.2,8.2,8.0,8.0,24500,8.60,7.60,8.1,-0.10,-1.23,30000,0,0
PGT,01/27/2010,8.2,8.2,8.0,8.1,26000,8.90,7.90,8.4,-0.30,-3.57,30000,0,0
PGT,01/26/2010,8.3,8.5,8.0,8.4,36700,8.50,7.50,8.0,0.40,5.00,0,0,0
PGT,01/25/2010,8.0,8.2,7.9,8.0,17100,8.30,7.30,7.8,0.20,2.56,0,0,0
PGT,01/22/2010,7.9,8.0,7.6,7.8,10300,8.30,7.30,7.8,0.00,0.00,0,0,0
PGT,01/21/2010,7.9,8.1,7.7,7.8,27600,8.70,7.70,8.2,-0.40,-4.88,0,0,0
PGT,01/20/2010,8.6,8.7,8.0,8.2,35200,9.00,8.00,8.5,-0.30,-3.53,0,0,0
PGT,01/19/2010,9.0,9.0,8.3,8.5,15400,9.20,8.00,8.6,-0.10,-1.16,0,0,0
PGT,01/18/2010,9.2,9.2,8.4,8.6,33400,9.60,8.40,9.0,-0.40,-4.44,0,0,0
PGT,01/15/2010,9.5,9.5,8.8,9.0,12900,9.90,8.70,9.3,-0.30,-3.23,0,0,0
PGT,01/14/2010,9.5,9.5,9.2,9.3,33000,9.80,8.60,9.2,0.10,1.09,0,0,0
PGT,01/13/2010,9.4,9.4,8.9,9.2,26700,9.80,8.60,9.2,0.00,0.00,0,0,0
PGT,01/12/2010,9.4,9.7,9.0,9.2,24000,10.10,8.90,9.5,-0.30,-3.16,0,0,0
PGT,01/11/2010,10.0,10.0,9.4,9.5,35000,10.70,9.30,10.0,-0.50,-5.00,0,0,0
PGT,01/08/2010,10.0,10.3,9.8,10.0,28700,10.50,9.30,9.9,0.10,1.01,0,0,0
PGT,01/07/2010,10.3,10.4,9.9,9.9,79400,11.30,9.90,10.6,-0.70,-6.60,0,0,0
PGT,01/06/2010,11.0,11.0,10.3,10.6,47900,11.20,9.80,10.5,0.10,0.95,0,0,0
PGT,01/05/2010,10.5,10.5,10.5,10.5,19400,10.50,9.30,9.9,0.60,6.06,0,0,0
PGT,01/04/2010,9.9,9.9,9.9,9.9,7900,9.90,8.70,9.3,0.60,6.45,0,0,0
PGT,12/31/2009,9.8,9.8,9.2,9.3,88100,10.40,9.20,9.8,-0.50,-5.10,0,0,0
PGT,12/30/2009,9.9,9.9,9.8,9.8,75600,11.20,9.80,10.5,-0.70,-6.67,0,0,0
PGT,12/29/2009,11.0,11.0,10.4,10.5,31000,11.80,10.40,11.1,-0.60,-5.41,0,0,0
PGT,12/28/2009,11.5,11.6,10.7,11.1,72900,12.30,10.70,11.5,-0.40,-3.48,30000,0,0
PGT,12/25/2009,14.0,14.0,10.0,11.5,211400,0.00,0.00,0.0,11.50,0.00,0,0,0
