MaCK,Ngay,GiaMoCua,GiaCaoNhat,GiaThapNhat,GiaDongCua,KhoiLuongGD,GiaTran,GiaSan,GiaThamChieu,TangGiam,%,GDThoaThuan,NNMua,NNBan
PHH,08/11/2010,23.9,24.5,23.4,24.1,70200,25.50,22.30,23.9,0.20,0.84,10000,0,0
PHH,08/10/2010,25.0,25.0,23.8,23.9,109300,27.20,23.80,25.5,-1.60,-6.27,0,0,0
PHH,08/09/2010,25.5,26.7,24.1,25.5,122800,27.70,24.10,25.9,-0.40,-1.54,5000,0,0
PHH,08/06/2010,26.4,26.5,25.6,25.9,49200,28.00,24.40,26.2,-0.30,-1.15,28700,0,5000
PHH,08/05/2010,27.0,27.0,26.0,26.2,54700,28.30,24.70,26.5,-0.30,-1.13,12900,0,0
PHH,08/04/2010,27.0,27.0,26.1,26.5,116900,29.70,25.90,27.8,-1.30,-4.68,0,0,0
PHH,08/03/2010,28.0,28.9,27.1,27.8,106200,29.30,25.50,27.4,0.40,1.46,5000,0,0
PHH,08/02/2010,28.0,28.0,27.0,27.4,90800,30.00,26.20,28.1,-0.70,-2.49,0,0,0
PHH,07/30/2010,28.3,28.3,27.8,28.1,108400,29.70,25.90,27.8,0.30,1.08,0,0,0
PHH,07/29/2010,26.6,28.3,26.6,27.8,185700,28.90,25.30,27.1,0.70,2.58,0,0,0
PHH,07/28/2010,28.5,28.5,26.8,27.1,182200,30.60,26.60,28.6,-1.50,-5.24,0,0,0
PHH,07/27/2010,28.6,29.4,28.0,28.6,165500,30.60,26.60,28.6,0.00,0.00,40000,0,0
PHH,07/26/2010,29.5,29.5,28.1,28.6,126600,32.20,28.00,30.1,-1.50,-4.98,0,0,0
PHH,07/23/2010,31.5,31.5,29.7,30.1,123100,32.30,28.10,30.2,-0.10,-0.33,0,0,0
PHH,07/22/2010,30.5,31.0,30.2,30.2,184100,34.60,30.20,32.4,-2.20,-6.79,71400,0,0
PHH,07/21/2010,32.5,32.5,31.0,32.4,619900,32.50,28.30,30.4,2.00,6.58,0,0,0
PHH,07/20/2010,29.2,31.1,29.2,30.4,496900,31.10,27.10,29.1,1.30,4.47,0,5000,0
PHH,07/19/2010,28.4,29.3,28.4,29.1,190600,30.30,26.50,28.4,0.70,2.46,0,0,0
PHH,07/16/2010,28.2,28.7,28.0,28.4,172700,30.20,26.40,28.3,0.10,0.35,0,0,0
PHH,07/15/2010,28.0,28.5,28.0,28.3,108700,30.90,26.90,28.9,-0.60,-2.08,0,0,0
PHH,07/14/2010,29.0,29.9,28.3,28.9,68300,30.30,26.50,28.4,0.50,1.76,0,0,0
PHH,07/13/2010,28.0,28.9,28.0,28.4,152300,29.90,26.10,28.0,0.40,1.43,0,0,0
PHH,07/12/2010,27.3,28.2,27.3,28.0,78900,29.60,25.80,27.7,0.30,1.08,0,0,0
PHH,07/09/2010,28.0,28.1,27.2,27.7,157500,30.00,26.20,28.1,-0.40,-1.42,50000,0,0
PHH,07/08/2010,28.5,28.6,27.5,28.1,47300,30.10,26.30,28.2,-0.10,-0.35,0,0,0
PHH,07/07/2010,28.5,28.7,27.6,28.2,81100,30.10,26.30,28.2,0.00,0.00,0,0,0
PHH,07/06/2010,28.6,28.7,27.1,28.2,135400,30.20,26.40,28.3,-0.10,-0.35,40000,100,0
PHH,07/05/2010,28.5,28.5,27.5,28.3,138200,29.40,25.60,27.5,0.80,2.91,0,0,0
PHH,07/02/2010,27.8,28.0,27.3,27.5,79000,29.20,25.40,27.3,0.20,0.73,0,0,0
PHH,07/01/2010,27.5,28.0,27.0,27.3,66000,29.60,25.80,27.7,-0.40,-1.44,0,0,900
PHH,06/30/2010,28.5,28.5,27.3,27.7,99700,30.60,26.60,28.6,-0.90,-3.15,0,0,0
PHH,06/29/2010,29.0,29.1,28.3,28.6,141200,30.70,26.70,28.7,-0.10,-0.35,0,0,0
PHH,06/28/2010,29.6,29.6,28.2,28.7,34200,30.40,26.60,28.5,0.20,0.70,97700,0,0
PHH,06/25/2010,29.0,29.0,28.3,28.5,100300,31.40,27.40,29.4,-0.90,-3.06,0,0,0
PHH,06/24/2010,29.9,30.0,29.1,29.4,117500,31.20,27.20,29.2,0.20,0.68,0,0,0
PHH,06/23/2010,29.0,29.7,28.6,29.2,100400,31.70,27.70,29.7,-0.50,-1.68,0,0,0
PHH,06/22/2010,30.8,30.8,29.2,29.7,206700,33.30,29.10,31.2,-1.50,-4.81,0,0,0
PHH,06/21/2010,31.3,32.4,30.5,31.2,218400,32.40,28.20,30.3,0.90,2.97,0,0,0
PHH,06/18/2010,31.5,31.5,29.9,30.3,177000,33.30,29.10,31.2,-0.90,-2.88,0,0,0
PHH,06/17/2010,31.5,32.0,30.6,31.2,281100,32.70,28.50,30.6,0.60,1.96,0,0,0
PHH,06/16/2010,30.2,31.2,29.9,30.6,338200,31.20,27.20,29.2,1.40,4.79,0,0,0
PHH,06/15/2010,28.6,29.8,28.6,29.2,188400,30.40,26.60,28.5,0.70,2.46,0,0,0
PHH,06/14/2010,28.0,29.0,28.0,28.5,133600,29.60,25.80,27.7,0.80,2.89,0,0,0
PHH,06/11/2010,27.7,28.4,27.5,27.7,135300,29.80,26.00,27.9,-0.20,-0.72,0,0,0
PHH,06/10/2010,27.9,28.0,27.6,27.9,87800,29.80,26.00,27.9,0.00,0.00,0,0,0
PHH,06/09/2010,28.3,28.8,27.4,27.9,74900,29.70,25.90,27.8,0.10,0.36,0,0,0
PHH,06/08/2010,26.2,28.4,26.0,27.8,107000,29.60,25.80,27.7,0.10,0.36,0,0,0
PHH,06/07/2010,27.5,28.5,27.5,27.7,194200,31.50,27.50,29.5,-1.80,-6.10,0,0,0
PHH,06/04/2010,29.5,30.0,29.2,29.5,211300,31.40,27.40,29.4,0.10,0.34,0,0,1000
PHH,06/03/2010,30.8,30.8,29.1,29.4,113600,30.90,26.90,28.9,0.50,1.73,0,0,0
PHH,06/02/2010,28.3,29.2,28.3,28.9,140500,30.60,26.60,28.6,0.30,1.05,0,0,0
PHH,06/01/2010,28.7,29.8,27.9,28.6,117200,31.80,27.80,29.8,-1.20,-4.03,0,0,0
PHH,05/31/2010,31.0,31.5,29.1,29.8,126100,33.10,28.90,31.0,-1.20,-3.87,0,1000,0
PHH,05/28/2010,30.0,31.0,30.0,31.0,308500,31.00,27.00,29.0,2.00,6.90,0,0,0
PHH,05/27/2010,29.5,29.5,28.0,29.0,164500,30.30,26.50,28.4,0.60,2.11,0,0,500
PHH,05/26/2010,27.6,28.5,27.5,28.4,189700,28.50,24.90,26.7,1.70,6.37,0,0,0
PHH,05/25/2010,25.9,27.5,25.8,26.7,154800,27.90,24.30,26.1,0.60,2.30,0,0,0
PHH,05/24/2010,27.4,27.4,24.7,26.1,92900,28.30,24.70,26.5,-0.40,-1.51,0,0,0
PHH,05/21/2010,29.0,29.0,26.4,26.5,113400,30.20,26.40,28.3,-1.80,-6.36,0,0,0
PHH,05/20/2010,28.0,31.4,27.5,28.3,359000,31.50,27.50,29.5,-1.20,-4.07,0,0,0
PHH,05/19/2010,30.0,30.0,29.4,29.5,115900,33.80,29.40,31.6,-2.10,-6.65,0,0,0
PHH,05/18/2010,33.5,33.5,31.3,31.6,181700,35.90,31.30,33.6,-2.00,-5.95,0,0,0
PHH,05/17/2010,34.3,35.0,33.3,33.6,282100,38.10,33.30,35.7,-2.10,-5.88,0,0,500
PHH,05/14/2010,38.7,39.0,34.3,35.7,249400,39.30,34.30,36.8,-1.10,-2.99,0,100,0
PHH,05/13/2010,36.9,36.9,36.0,36.8,588100,36.90,32.10,34.5,2.30,6.67,10000,0,0
PHH,05/12/2010,34.5,34.5,34.5,34.5,16300,34.50,30.10,32.3,2.20,6.81,0,0,0
PHH,05/11/2010,51.3,52.6,51.3,52.6,523900,52.60,45.80,49.2,3.40,6.91,0,0,0
PHH,05/10/2010,50.0,51.5,48.1,49.2,205700,54.50,47.50,51.0,-1.80,-3.53,0,400,0
PHH,05/07/2010,53.0,53.0,50.2,51.0,247400,57.60,50.20,53.9,-2.90,-5.38,20000,600,0
PHH,05/06/2010,52.5,56.0,52.0,53.9,282700,56.80,49.40,53.1,0.80,1.51,0,900,0
PHH,05/05/2010,55.4,55.4,52.3,53.1,225200,58.40,50.80,54.6,-1.50,-2.75,0,0,0
PHH,05/04/2010,57.5,57.5,54.5,55.6,258800,60.30,52.50,56.4,-0.80,-1.42,0,0,0
PHH,04/29/2010,58.5,58.5,55.5,56.4,207600,61.40,53.40,57.4,-1.00,-1.74,0,0,0
PHH,04/28/2010,59.0,59.0,56.5,57.4,188600,60.60,52.80,56.7,0.70,1.23,10000,0,0
PHH,04/27/2010,55.0,59.0,55.0,56.7,258300,59.50,51.90,55.7,1.00,1.80,0,0,0
PHH,04/26/2010,55.5,57.8,55.2,55.7,282400,63.40,55.20,59.3,-3.60,-6.07,0,0,0
PHH,04/22/2010,63.5,63.5,58.9,59.3,523200,67.70,58.90,63.3,-4.00,-6.32,0,0,0
PHH,04/21/2010,64.0,67.0,62.5,63.3,370400,67.90,59.10,63.5,-0.20,-0.31,0,0,0
PHH,04/20/2010,66.5,67.0,62.0,63.5,417200,67.80,59.00,63.4,0.10,0.16,7000,0,0
PHH,04/19/2010,60.0,65.0,60.0,63.4,527200,66.60,58.00,62.3,1.10,1.77,0,0,0
PHH,04/16/2010,62.5,62.5,60.0,62.3,684600,62.50,54.50,58.5,3.80,6.50,0,500,0
PHH,04/15/2010,58.0,58.5,58.0,58.5,95100,58.50,50.90,54.7,3.80,6.95,20000,0,0
PHH,04/14/2010,49.5,55.3,49.5,54.7,491000,55.30,48.10,51.7,3.00,5.80,0,0,0
PHH,04/13/2010,50.9,53.0,49.2,51.7,386800,54.80,47.80,51.3,0.40,0.78,0,0,300
PHH,04/12/2010,56.0,57.0,49.8,51.3,435400,57.20,49.80,53.5,-2.20,-4.11,0,0,0
PHH,04/09/2010,53.7,53.7,52.0,53.5,793900,53.70,46.70,50.2,3.30,6.57,0,0,0
PHH,04/08/2010,48.2,50.3,48.0,50.2,130700,50.30,43.90,47.1,3.10,6.58,0,0,0
PHH,04/07/2010,45.5,49.0,44.0,47.1,500700,49.30,42.90,46.1,1.00,2.17,0,0,0
PHH,04/06/2010,48.0,48.3,45.0,46.1,356300,48.30,42.10,45.2,0.90,1.99,0,0,0
PHH,04/05/2010,45.0,45.3,42.4,45.2,607600,45.30,39.50,42.4,2.80,6.60,0,0,0
PHH,04/02/2010,42.1,42.5,41.8,42.4,367800,42.50,37.10,39.8,2.60,6.53,0,0,0
PHH,04/01/2010,40.0,42.1,39.2,39.8,381000,45.00,39.20,42.1,-2.30,-5.46,0,0,0
PHH,03/31/2010,42.5,44.5,40.8,42.1,272800,46.60,40.60,43.6,-1.50,-3.44,0,0,0
PHH,03/30/2010,46.5,46.5,42.1,43.6,234400,47.10,41.10,44.1,-0.50,-1.13,0,0,0
PHH,03/29/2010,42.5,44.6,41.6,44.1,587300,44.60,38.80,41.7,2.40,5.76,0,0,0
PHH,03/26/2010,41.7,41.8,41.0,41.7,805800,41.80,36.40,39.1,2.60,6.65,0,0,0
PHH,03/25/2010,40.1,40.1,37.7,39.1,670900,40.10,34.90,37.5,1.60,4.27,0,0,0
PHH,03/24/2010,36.5,37.5,36.5,37.5,146200,37.50,32.70,35.1,2.40,6.84,0,0,0
PHH,03/23/2010,36.0,37.1,34.6,35.1,268400,39.60,34.60,37.1,-2.00,-5.39,0,300,0
PHH,03/22/2010,39.0,39.0,36.8,37.1,82400,42.20,36.80,39.5,-2.40,-6.08,0,0,0
PHH,03/19/2010,40.5,40.5,38.0,39.5,167400,42.40,37.00,39.7,-0.20,-0.50,0,0,0
PHH,03/18/2010,44.0,44.0,39.3,39.7,263500,45.10,39.30,42.2,-2.50,-5.92,0,0,0
PHH,03/17/2010,40.0,44.0,39.0,42.2,262800,0.00,0.00,0.0,42.20,0.00,0,0,0
