MaCK,Ngay,GiaMoCua,GiaCaoNhat,GiaThapNhat,GiaDongCua,KhoiLuongGD,GiaTran,GiaSan,GiaThamChieu,TangGiam,%,GDThoaThuan,NNMua,NNBan
SBC,08/11/2010,39.5,40.0,38.5,39.5,16060,40.70,36.90,38.8,0.70,1.80,0,0,0
SBC,08/10/2010,39.4,39.4,38.0,38.8,18800,40.90,37.10,39.0,-0.20,-0.51,0,0,0
SBC,08/09/2010,0.0,39.3,38.6,39.0,22850,42.50,38.50,40.5,-1.50,-3.70,0,0,0
SBC,08/06/2010,0.0,41.8,40.0,40.5,32050,44.10,39.90,42.0,-1.50,-3.57,0,0,0
SBC,08/05/2010,42.2,42.3,41.6,42.0,16070,44.60,40.40,42.5,-0.50,-1.18,0,0,0
SBC,08/04/2010,0.0,43.0,42.0,42.5,5500,45.60,41.40,43.5,-1.00,-2.30,0,0,0
SBC,08/03/2010,43.5,44.0,41.7,43.5,18100,45.90,41.70,43.8,-0.30,-0.68,0,0,0
SBC,08/02/2010,43.0,43.9,43.0,43.8,10500,46.20,41.80,44.0,-0.20,-0.45,0,0,0
SBC,07/30/2010,43.0,44.0,43.0,44.0,6400,46.20,41.80,44.0,0.00,0.00,0,0,0
SBC,07/29/2010,43.0,44.0,43.0,44.0,5060,46.20,41.80,44.0,0.00,0.00,0,0,0
SBC,07/28/2010,43.0,44.0,43.0,44.0,59260,45.10,40.90,43.0,1.00,2.33,0,0,0
SBC,07/27/2010,44.8,44.8,43.0,43.0,22410,45.10,40.90,43.0,0.00,0.00,0,0,0
SBC,07/26/2010,0.0,43.1,43.0,43.0,5930,45.20,41.00,43.1,-0.10,-0.23,0,0,0
SBC,07/23/2010,44.0,44.2,43.1,43.1,26430,46.20,41.80,44.0,-0.90,-2.05,0,0,0
SBC,07/22/2010,0.0,44.5,44.0,44.0,9010,47.20,42.80,45.0,-1.00,-2.22,0,0,0
SBC,07/21/2010,45.0,45.2,44.6,45.0,29020,47.20,42.80,45.0,0.00,0.00,0,0,0
SBC,07/20/2010,45.0,45.3,45.0,45.0,15040,47.20,42.80,45.0,0.00,0.00,0,0,0
SBC,07/19/2010,0.0,45.0,44.3,45.0,4840,47.20,42.80,45.0,0.00,0.00,0,0,0
SBC,07/16/2010,45.0,45.4,45.0,45.0,29000,47.60,43.20,45.4,-0.40,-0.88,0,0,0
SBC,07/15/2010,45.5,45.5,45.0,45.4,10670,47.70,43.30,45.5,-0.10,-0.22,0,0,0
SBC,07/14/2010,46.5,46.5,45.5,45.5,37720,48.30,43.70,46.0,-0.50,-1.09,0,0,0
SBC,07/13/2010,46.0,46.3,44.7,46.0,80640,47.20,42.80,45.0,1.00,2.22,0,0,0
SBC,07/12/2010,0.0,45.0,44.3,45.0,8380,47.10,42.70,44.9,0.10,0.22,0,0,0
SBC,07/09/2010,45.0,45.0,44.9,44.9,8600,45.60,41.40,43.5,1.40,3.22,0,0,0
SBC,07/08/2010,44.0,44.0,43.5,43.5,6900,45.60,41.40,43.5,0.00,0.00,0,0,0
SBC,07/07/2010,0.0,44.6,43.5,43.5,12300,47.10,42.70,44.9,-1.40,-3.12,0,0,0
SBC,07/06/2010,46.0,46.0,44.6,44.9,18900,47.70,43.30,45.5,-0.60,-1.32,0,100,2000
SBC,07/05/2010,45.4,46.0,45.4,45.5,14300,47.80,43.40,45.6,-0.10,-0.22,37000,0,0
SBC,07/02/2010,0.0,45.6,45.0,45.6,21270,47.20,42.80,45.0,0.60,1.33,0,0,0
SBC,07/01/2010,45.5,46.0,45.0,45.0,36400,48.30,43.70,46.0,-1.00,-2.17,0,40,0
SBC,06/30/2010,46.5,46.5,46.0,46.0,21830,48.80,44.20,46.5,-0.50,-1.08,0,0,0
SBC,06/29/2010,46.6,47.0,46.5,46.5,41020,49.30,44.70,47.0,-0.50,-1.06,0,0,0
SBC,06/28/2010,0.0,47.0,46.5,47.0,13110,49.30,44.70,47.0,0.00,0.00,0,0,0
SBC,06/25/2010,47.2,48.7,47.0,47.0,63690,51.50,46.70,49.1,-2.10,-4.28,0,0,0
SBC,06/24/2010,48.5,49.9,48.5,49.1,100310,50.00,45.60,48.0,1.10,2.29,0,0,0
SBC,06/23/2010,0.0,48.0,45.4,48.0,95470,48.00,43.60,45.8,2.20,4.80,0,0,0
SBC,06/22/2010,45.0,46.8,44.5,45.8,87640,47.20,42.80,45.0,0.80,1.78,0,1500,0
SBC,06/21/2010,45.0,46.0,43.1,45.0,55790,47.20,42.80,45.0,0.00,0.00,0,0,0
SBC,06/18/2010,46.6,46.6,44.9,45.0,29370,47.80,43.40,45.6,-0.60,-1.32,0,0,1000
SBC,06/17/2010,47.0,47.0,45.4,45.6,59260,49.30,44.70,47.0,-1.40,-2.98,0,0,0
SBC,06/16/2010,47.1,47.9,47.0,47.0,49160,49.50,44.90,47.2,-0.20,-0.42,0,1400,0
SBC,06/15/2010,47.0,48.0,46.2,47.2,47890,49.40,44.80,47.1,0.10,0.21,0,1000,0
SBC,06/14/2010,47.4,47.4,47.1,47.1,114250,47.40,43.00,45.2,1.90,4.20,0,1120,0
SBC,06/11/2010,45.2,45.2,45.2,45.2,208430,45.20,41.00,43.1,2.10,4.87,0,0,0
SBC,06/10/2010,43.1,43.1,43.1,43.1,42870,43.10,39.10,41.1,2.00,4.87,0,0,0
SBC,06/09/2010,41.1,41.1,41.1,41.1,2000,41.10,37.30,39.2,1.90,4.85,0,0,0
SBC,06/08/2010,39.2,39.2,39.2,39.2,4250,39.20,35.60,37.4,1.80,4.81,0,0,0
SBC,06/07/2010,37.4,37.4,37.4,37.4,3000,37.40,34.00,35.7,1.70,4.76,0,0,0
SBC,06/04/2010,35.7,35.7,35.7,35.7,1000,35.70,32.30,34.0,1.70,5.00,0,0,0
SBC,06/03/2010,34.0,34.0,34.0,34.0,1000,34.00,30.80,32.4,1.60,4.94,208000,0,0
SBC,06/02/2010,32.4,32.4,32.4,32.4,100,32.40,21.60,0.0,32.40,0.00,0,0,0
