MaCK,Ngay,GiaMoCua,GiaCaoNhat,GiaThapNhat,GiaDongCua,KhoiLuongGD,GiaTran,GiaSan,GiaThamChieu,TangGiam,%,GDThoaThuan,NNMua,NNBan
SDG,08/11/2010,27.1,27.6,27.0,27.3,2300,29.50,25.70,27.6,-0.30,-1.09,0,0,0
SDG,08/10/2010,26.7,29.9,26.6,27.6,1300,29.90,26.10,28.0,-0.40,-1.43,0,0,0
SDG,08/09/2010,30.2,30.2,27.5,28.0,2400,30.20,26.40,28.3,-0.30,-1.06,0,0,0
SDG,08/06/2010,30.5,30.5,28.0,28.3,5800,30.70,26.70,28.7,-0.40,-1.39,0,0,0
SDG,08/05/2010,27.0,28.8,27.0,28.7,13100,28.80,25.20,27.0,1.70,6.30,0,0,0
SDG,08/04/2010,26.8,27.1,26.5,27.0,4900,28.90,25.30,27.1,-0.10,-0.37,0,0,0
SDG,08/03/2010,27.0,27.1,27.0,27.1,2100,28.90,25.30,27.1,0.00,0.00,0,0,0
SDG,08/02/2010,27.1,27.1,27.0,27.1,200,30.00,26.20,28.1,-1.00,-3.56,0,0,0
SDG,07/30/2010,0.0,0.0,0.0,28.1,0,30.00,26.20,28.1,0.00,0.00,0,0,0
SDG,07/29/2010,0.0,0.0,0.0,28.1,0,30.00,26.20,28.1,0.00,0.00,0,0,0
SDG,07/28/2010,28.0,28.2,28.0,28.1,5600,29.90,26.10,28.0,0.10,0.36,0,0,0
SDG,07/27/2010,28.0,28.2,27.5,28.0,18600,29.90,26.10,28.0,0.00,0.00,0,0,0
SDG,07/26/2010,28.0,28.0,28.0,28.0,500,32.10,27.90,30.0,-2.00,-6.67,0,0,0
SDG,07/23/2010,30.0,30.0,30.0,30.0,100,32.90,28.70,30.8,-0.80,-2.60,0,0,0
SDG,07/22/2010,30.8,30.8,30.8,30.8,100,31.50,27.50,29.5,1.30,4.41,0,0,0
SDG,07/21/2010,30.0,30.2,28.0,29.5,9900,30.20,26.40,28.3,1.20,4.24,0,0,0
SDG,07/20/2010,28.0,28.8,28.0,28.3,9600,28.80,25.20,27.0,1.30,4.81,0,0,0
SDG,07/19/2010,27.0,27.0,27.0,27.0,2500,30.10,26.30,28.2,-1.20,-4.26,0,0,0
SDG,07/16/2010,0.0,0.0,0.0,28.2,0,30.10,26.30,28.2,0.00,0.00,0,0,0
SDG,07/15/2010,0.0,0.0,0.0,28.2,0,30.10,26.30,28.2,0.00,0.00,0,0,0
SDG,07/14/2010,27.5,29.0,27.5,28.2,6400,29.30,25.50,27.4,0.80,2.92,0,0,0
SDG,07/13/2010,26.2,29.7,26.2,27.4,4800,30.00,26.20,28.1,-0.70,-2.49,0,0,0
SDG,07/12/2010,28.1,28.1,28.1,28.1,900,28.30,24.70,26.5,1.60,6.04,0,0,0
SDG,07/09/2010,26.5,26.5,26.5,26.5,1000,29.90,26.10,28.0,-1.50,-5.36,0,0,0
SDG,07/08/2010,26.0,28.3,26.0,28.0,17200,28.30,24.70,26.5,1.50,5.66,0,0,0
SDG,07/07/2010,28.0,28.0,26.3,26.5,3100,28.30,24.70,26.5,0.00,0.00,0,0,0
SDG,07/06/2010,26.1,26.8,26.1,26.5,4500,27.90,24.30,26.1,0.40,1.53,0,0,0
SDG,07/05/2010,25.0,28.0,24.5,26.1,2000,28.10,24.50,26.3,-0.20,-0.76,0,0,0
SDG,07/02/2010,26.0,26.5,26.0,26.3,4200,28.90,25.30,27.1,-0.80,-2.95,0,0,0
SDG,07/01/2010,27.1,27.1,27.0,27.1,5300,30.00,26.20,28.1,-1.00,-3.56,0,0,0
SDG,06/30/2010,28.1,28.2,28.1,28.1,2000,32.30,28.10,30.2,-2.10,-6.95,0,0,0
SDG,06/29/2010,32.0,32.2,29.0,30.2,2400,32.60,28.40,30.5,-0.30,-0.98,0,0,0
SDG,06/28/2010,30.7,30.7,29.5,30.5,700,31.70,27.70,29.7,0.80,2.69,0,0,0
SDG,06/25/2010,30.0,30.0,29.5,29.7,1900,30.60,26.60,28.6,1.10,3.85,0,0,0
SDG,06/24/2010,28.6,28.7,28.5,28.6,8100,28.70,25.10,26.9,1.70,6.32,0,0,0
SDG,06/23/2010,34.8,36.7,34.6,35.0,13000,37.20,32.40,34.8,0.20,0.57,0,0,0
SDG,06/22/2010,34.0,35.6,32.0,34.8,14500,35.60,31.00,33.3,1.50,4.50,0,0,0
SDG,06/21/2010,32.5,33.5,32.5,33.3,4700,35.40,30.80,33.1,0.20,0.60,0,0,0
SDG,06/18/2010,32.0,33.5,32.0,33.1,13600,34.80,30.40,32.6,0.50,1.53,0,0,0
SDG,06/17/2010,31.0,33.0,31.0,32.6,8000,33.00,28.80,30.9,1.70,5.50,0,0,0
SDG,06/16/2010,30.9,30.9,30.9,30.9,600,35.50,30.90,33.2,-2.30,-6.93,0,0,0
SDG,06/15/2010,34.0,34.0,32.0,33.2,2500,34.00,29.60,31.8,1.40,4.40,0,0,0
SDG,06/14/2010,31.0,32.5,31.0,31.8,5300,32.90,28.70,30.8,1.00,3.25,0,0,0
SDG,06/11/2010,30.8,30.8,30.8,30.8,300,35.30,30.70,33.0,-2.20,-6.67,0,0,0
SDG,06/10/2010,33.0,33.0,33.0,33.0,100,34.20,29.80,32.0,1.00,3.13,0,0,0
SDG,06/09/2010,32.0,33.8,31.2,32.0,5900,34.10,29.70,31.9,0.10,0.31,0,0,0
SDG,06/08/2010,31.9,31.9,31.9,31.9,1000,31.90,27.90,29.9,2.00,6.69,0,0,0
SDG,06/07/2010,33.8,33.8,29.4,29.9,3400,33.80,29.40,31.6,-1.70,-5.38,0,0,0
SDG,06/04/2010,32.0,32.0,31.5,31.6,3600,36.10,31.50,33.8,-2.20,-6.51,0,0,0
SDG,06/03/2010,0.0,0.0,0.0,33.8,0,36.10,31.50,33.8,0.00,0.00,0,0,0
SDG,06/02/2010,34.5,34.5,33.1,33.8,200,37.90,33.10,35.5,-1.70,-4.79,0,0,0
SDG,06/01/2010,0.0,0.0,0.0,35.5,0,37.90,33.10,35.5,0.00,0.00,0,0,0
SDG,05/31/2010,0.0,0.0,0.0,35.5,0,37.90,33.10,35.5,0.00,0.00,0,0,0
SDG,05/28/2010,36.0,36.0,34.0,35.5,3600,37.40,32.60,35.0,0.50,1.43,0,0,0
SDG,05/27/2010,35.0,35.0,35.0,35.0,600,35.30,30.70,33.0,2.00,6.06,0,0,0
SDG,05/26/2010,33.0,33.0,33.0,33.0,1000,35.20,30.60,32.9,0.10,0.30,0,0,0
SDG,05/25/2010,33.1,33.1,32.5,32.9,1400,35.20,30.60,32.9,0.00,0.00,0,0,0
SDG,05/24/2010,32.8,33.0,32.5,32.9,5100,33.30,29.10,31.2,1.70,5.45,0,0,0
SDG,05/21/2010,31.3,31.3,31.2,31.2,34300,35.80,31.20,33.5,-2.30,-6.87,0,0,0
SDG,05/20/2010,33.5,33.5,33.5,33.5,2000,36.50,31.90,34.2,-0.70,-2.05,0,0,0
SDG,05/19/2010,35.0,35.8,32.9,34.2,14200,37.70,32.90,35.3,-1.10,-3.12,0,0,0
SDG,05/18/2010,35.3,35.9,35.0,35.3,32400,36.50,31.90,34.2,1.10,3.22,0,0,0
SDG,05/17/2010,36.8,36.8,33.7,34.2,4600,38.70,33.70,36.2,-2.00,-5.52,0,0,0
SDG,05/14/2010,0.0,0.0,0.0,36.2,0,38.70,33.70,36.2,0.00,0.00,0,0,0
SDG,05/13/2010,38.2,38.2,35.3,36.2,4300,40.50,35.30,37.9,-1.70,-4.49,0,0,0
SDG,05/12/2010,38.2,38.2,37.5,37.9,1700,40.60,35.40,38.0,-0.10,-0.26,0,0,0
SDG,05/11/2010,38.0,38.0,38.0,38.0,900,39.90,34.70,37.3,0.70,1.88,0,0,0
SDG,05/10/2010,38.4,38.4,36.3,37.3,4300,41.70,36.30,39.0,-1.70,-4.36,0,0,0
SDG,05/07/2010,39.7,39.7,37.5,39.0,900,42.50,37.10,39.8,-0.80,-2.01,0,0,0
SDG,05/06/2010,40.1,40.1,39.5,39.8,4100,43.00,37.40,40.2,-0.40,-1.00,0,0,0
SDG,05/05/2010,40.0,40.2,40.0,40.2,8200,42.50,37.10,39.8,0.40,1.01,0,0,0
SDG,05/04/2010,40.4,40.4,39.2,39.8,14900,41.30,35.90,38.6,1.20,3.11,0,0,0
SDG,04/29/2010,40.4,40.4,37.9,38.6,16000,43.50,37.90,40.7,-2.10,-5.16,0,0,0
SDG,04/28/2010,40.0,41.3,38.7,40.7,15600,41.50,36.10,38.8,1.90,4.90,0,0,0
SDG,04/27/2010,39.8,39.8,38.6,38.8,600,44.00,38.40,41.2,-2.40,-5.83,0,0,0
SDG,04/26/2010,42.7,42.7,39.1,41.2,6200,42.90,37.30,40.1,1.10,2.74,0,0,0
SDG,04/22/2010,40.4,40.4,38.5,40.1,59500,40.40,35.20,37.8,2.30,6.08,0,0,0
SDG,04/21/2010,38.5,38.5,37.0,37.8,12600,39.40,34.40,36.9,0.90,2.44,0,0,0
SDG,04/20/2010,37.9,37.9,35.6,36.9,4900,38.70,33.70,36.2,0.70,1.93,0,0,0
SDG,04/19/2010,37.0,37.0,35.5,36.2,2100,38.00,33.20,35.6,0.60,1.69,0,0,0
SDG,04/16/2010,36.8,37.0,32.6,35.6,7300,37.30,32.50,34.9,0.70,2.01,0,0,0
SDG,04/15/2010,38.9,38.9,34.1,34.9,14400,39.10,34.10,36.6,-1.70,-4.64,0,0,0
SDG,04/14/2010,38.4,38.5,35.4,36.6,15100,40.60,35.40,38.0,-1.40,-3.68,0,0,0
SDG,04/13/2010,38.2,38.9,37.5,38.0,9100,39.60,34.60,37.1,0.90,2.43,0,0,0
SDG,04/12/2010,36.5,38.0,36.5,37.1,2000,39.40,34.40,36.9,0.20,0.54,0,0,0
SDG,04/09/2010,36.5,37.0,36.0,36.9,19600,37.40,32.60,35.0,1.90,5.43,0,0,0
SDG,04/08/2010,33.0,35.3,33.0,35.0,32400,35.30,30.70,33.0,2.00,6.06,0,0,0
SDG,04/07/2010,33.9,34.0,32.7,33.0,8700,35.20,30.60,32.9,0.10,0.30,0,0,0
SDG,04/06/2010,32.5,33.0,32.5,32.9,9600,34.70,30.30,32.5,0.40,1.23,0,0,0
SDG,04/05/2010,32.5,32.5,32.4,32.5,5400,34.60,30.20,32.4,0.10,0.31,0,0,0
SDG,04/02/2010,32.4,32.4,32.4,32.4,1700,34.60,30.20,32.4,0.00,0.00,0,0,0
SDG,04/01/2010,32.3,32.9,32.1,32.4,5800,34.50,30.10,32.3,0.10,0.31,0,0,0
SDG,03/31/2010,32.4,34.0,32.1,32.3,47400,34.60,30.20,32.4,-0.10,-0.31,0,0,0
SDG,03/30/2010,32.5,32.5,32.3,32.4,7700,34.70,30.30,32.5,-0.10,-0.31,0,0,0
SDG,03/29/2010,33.9,33.9,32.0,32.5,5600,35.00,30.60,32.8,-0.30,-0.91,0,0,0
SDG,03/26/2010,32.0,34.0,32.0,32.8,50500,34.70,30.30,32.5,0.30,0.92,0,0,0
SDG,03/25/2010,33.5,33.5,31.3,32.5,24400,35.80,31.20,33.5,-1.00,-2.99,0,0,0
SDG,03/24/2010,34.1,34.1,32.8,33.5,37000,34.10,29.70,31.9,1.60,5.02,0,0,0
SDG,03/23/2010,31.9,31.9,31.9,31.9,26900,31.90,27.90,29.9,2.00,6.69,0,0,0
SDG,03/22/2010,30.0,30.0,29.5,29.9,37800,30.00,26.20,28.1,1.80,6.41,0,0,0
SDG,03/19/2010,27.1,28.3,27.1,28.1,12900,29.90,26.10,28.0,0.10,0.36,0,0,0
SDG,03/18/2010,27.0,28.8,27.0,28.0,13900,30.20,26.40,28.3,-0.30,-1.06,0,0,0
SDG,03/17/2010,25.5,29.0,25.5,28.3,21500,29.30,25.50,27.4,0.90,3.28,0,0,0
SDG,03/16/2010,29.6,29.6,27.1,27.4,11100,31.10,27.10,29.1,-1.70,-5.84,0,0,0
SDG,03/15/2010,31.5,31.5,28.5,29.1,12500,31.80,27.80,29.8,-0.70,-2.35,0,0,0
SDG,03/12/2010,29.2,30.1,29.2,29.8,8100,30.10,26.30,28.2,1.60,5.67,0,0,0
SDG,03/11/2010,27.5,28.7,27.0,28.2,15800,28.70,25.10,26.9,1.30,4.83,0,0,0
SDG,03/10/2010,27.0,27.2,26.5,26.9,14200,28.90,25.30,27.1,-0.20,-0.74,0,0,0
SDG,03/09/2010,27.0,27.3,26.9,27.1,13200,29.10,25.30,27.2,-0.10,-0.37,0,0,0
SDG,03/08/2010,26.8,27.6,26.8,27.2,15300,27.60,24.00,25.8,1.40,5.43,0,0,0
SDG,03/05/2010,25.0,26.0,25.0,25.8,1000,28.20,24.60,26.4,-0.60,-2.27,0,0,0
SDG,03/04/2010,26.5,26.5,26.0,26.4,7800,28.10,24.50,26.3,0.10,0.38,0,0,0
SDG,03/03/2010,26.4,26.4,26.0,26.3,3800,27.80,24.20,26.0,0.30,1.15,0,0,0
SDG,03/02/2010,26.0,26.0,26.0,26.0,2000,28.00,24.40,26.2,-0.20,-0.76,0,0,0
SDG,03/01/2010,26.2,26.2,26.2,26.2,300,26.30,22.90,24.6,1.60,6.50,0,0,0
SDG,02/26/2010,24.6,25.6,24.5,24.6,1100,26.80,23.40,25.1,-0.50,-1.99,0,0,0
SDG,02/25/2010,25.5,25.5,25.0,25.1,1400,27.30,23.90,25.6,-0.50,-1.95,0,0,0
SDG,02/24/2010,26.0,26.0,24.5,25.6,2400,27.80,24.20,26.0,-0.40,-1.54,0,0,0
SDG,02/23/2010,26.0,26.0,26.0,26.0,100,28.50,24.90,26.7,-0.70,-2.62,0,0,0
SDG,02/22/2010,26.9,26.9,26.3,26.7,900,26.90,23.50,25.2,1.50,5.95,0,0,0
SDG,02/12/2010,25.1,25.2,25.1,25.2,5000,25.20,22.00,23.6,1.60,6.78,0,0,0
SDG,02/11/2010,23.6,23.6,23.6,23.6,1300,26.00,22.60,24.3,-0.70,-2.88,0,0,0
SDG,02/10/2010,25.1,25.1,24.0,24.3,7500,26.70,23.30,25.0,-0.70,-2.80,0,0,0
SDG,02/09/2010,25.1,25.1,24.8,25.0,4000,26.80,23.40,25.1,-0.10,-0.40,0,0,0
SDG,02/08/2010,25.4,25.5,24.5,25.1,3300,27.20,23.80,25.5,-0.40,-1.57,0,0,0
SDG,02/05/2010,27.8,27.8,25.3,25.5,9300,28.00,24.40,26.2,-0.70,-2.67,0,0,0
SDG,02/04/2010,27.0,27.0,25.1,26.2,800,27.10,23.70,25.4,0.80,3.15,0,0,0
SDG,02/03/2010,25.4,25.4,25.4,25.4,1700,27.10,23.70,25.4,0.00,0.00,0,0,0
SDG,02/02/2010,26.4,26.4,25.1,25.4,3200,26.80,23.40,25.1,0.30,1.20,0,0,0
SDG,02/01/2010,24.2,25.5,24.2,25.1,2300,26.50,23.10,24.8,0.30,1.21,0,0,0
SDG,01/29/2010,24.1,25.6,23.9,24.8,12200,27.30,23.90,25.6,-0.80,-3.13,0,0,0
SDG,01/28/2010,26.0,26.0,25.4,25.6,4200,29.20,25.40,27.3,-1.70,-6.23,0,0,0
SDG,01/27/2010,28.0,28.2,25.9,27.3,8100,29.60,25.80,27.7,-0.40,-1.44,0,0,0
SDG,01/26/2010,27.5,28.0,26.6,27.7,26100,29.90,26.10,28.0,-0.30,-1.07,0,0,0
SDG,01/25/2010,28.0,29.0,27.4,28.0,6800,31.30,27.30,29.3,-1.30,-4.44,0,0,0
SDG,01/22/2010,30.0,30.3,28.0,29.3,13800,30.30,26.50,28.4,0.90,3.17,0,0,0
SDG,01/21/2010,28.4,28.4,27.0,28.4,26900,28.40,24.80,26.6,1.80,6.77,0,0,0
SDG,01/20/2010,25.2,26.9,25.2,26.6,59600,26.90,23.50,25.2,1.40,5.56,0,0,0
SDG,01/19/2010,23.3,25.5,23.3,25.2,5000,26.70,23.30,25.0,0.20,0.80,0,0,0
SDG,01/18/2010,23.3,25.6,23.3,25.0,38400,26.60,23.20,24.9,0.10,0.40,0,0,0
SDG,01/15/2010,23.4,25.1,23.4,24.9,8500,26.80,23.40,25.1,-0.20,-0.80,0,0,0
SDG,01/14/2010,23.2,25.5,23.2,25.1,16100,26.60,23.20,24.9,0.20,0.80,10500,0,0
SDG,01/13/2010,22.4,25.6,22.4,24.9,14900,25.60,22.40,24.0,0.90,3.75,0,0,0
SDG,01/12/2010,22.4,25.1,22.4,24.0,14400,25.60,22.40,24.0,0.00,0.00,0,0,0
SDG,01/11/2010,23.9,24.0,23.9,24.0,900,27.00,23.60,25.3,-1.30,-5.14,0,0,0
SDG,01/08/2010,25.3,26.2,25.2,25.3,17800,28.80,25.20,27.0,-1.70,-6.30,0,0,0
SDG,01/07/2010,28.5,28.5,25.8,27.0,5100,29.40,25.60,27.5,-0.50,-1.82,0,0,0
SDG,01/06/2010,28.2,29.0,26.5,27.5,12300,30.00,26.20,28.1,-0.60,-2.14,0,0,0
SDG,01/05/2010,28.1,28.1,28.0,28.1,37700,28.10,24.50,26.3,1.80,6.84,0,0,0
SDG,01/04/2010,25.5,26.8,25.5,26.3,49900,26.80,23.40,25.1,1.20,4.78,0,0,0
SDG,12/31/2009,25.0,25.2,25.0,25.1,21400,25.30,22.10,23.7,1.40,5.91,0,0,0
SDG,12/30/2009,23.0,25.1,23.0,23.7,8600,26.30,22.90,24.6,-0.90,-3.66,0,0,0
SDG,12/29/2009,25.1,25.1,24.5,24.6,5400,26.80,23.40,25.1,-0.50,-1.99,0,0,0
SDG,12/28/2009,25.1,25.1,25.0,25.1,11700,26.70,23.30,25.0,0.10,0.40,0,0,0
SDG,12/25/2009,25.0,25.5,24.5,25.0,6400,26.30,22.90,24.6,0.40,1.63,0,0,0
SDG,12/24/2009,25.0,25.0,24.0,24.6,1900,26.70,23.30,25.0,-0.40,-1.60,0,0,0
SDG,12/23/2009,25.0,25.0,25.0,25.0,1000,28.60,25.00,26.8,-1.80,-6.72,0,0,0
SDG,12/22/2009,30.0,30.0,25.0,26.8,11700,0.00,0.00,0.0,26.80,0.00,0,0,0
