MaCK,Ngay,GiaMoCua,GiaCaoNhat,GiaThapNhat,GiaDongCua,KhoiLuongGD,GiaTran,GiaSan,GiaThamChieu,TangGiam,%,GDThoaThuan,NNMua,NNBan
SME,08/11/2010,23.7,24.2,23.6,24.1,243500,24.20,21.20,22.7,1.40,6.17,10000,0,0
SME,08/10/2010,22.6,23.9,22.5,22.7,95700,25.20,22.00,23.6,-0.90,-3.81,10000,0,0
SME,08/09/2010,23.6,24.3,23.0,23.6,71500,26.40,23.00,24.7,-1.10,-4.45,69400,0,0
SME,08/06/2010,23.0,25.0,23.0,24.7,21800,26.30,22.90,24.6,0.10,0.41,0,0,0
SME,08/05/2010,23.7,25.5,23.7,24.6,43900,26.80,23.40,25.1,-0.50,-1.99,0,0,0
SME,08/04/2010,26.0,26.0,24.9,25.1,82700,28.20,24.60,26.4,-1.30,-4.92,0,0,0
SME,08/03/2010,26.0,26.9,25.2,26.4,66200,27.80,24.20,26.0,0.40,1.54,0,0,0
SME,08/02/2010,26.0,27.0,25.5,26.0,158900,27.20,23.80,25.5,0.50,1.96,100000,0,0
SME,07/30/2010,25.0,26.2,24.7,25.5,613500,26.40,23.00,24.7,0.80,3.24,0,0,0
SME,07/29/2010,24.4,25.0,24.0,24.7,183500,26.00,22.60,24.3,0.40,1.65,0,0,0
SME,07/28/2010,24.6,24.6,23.7,24.3,53200,26.00,22.60,24.3,0.00,0.00,0,0,0
SME,07/27/2010,24.2,25.0,23.4,24.3,234600,25.20,22.00,23.6,0.70,2.97,0,0,0
SME,07/26/2010,24.4,24.4,23.4,23.6,34400,25.10,21.90,23.5,0.10,0.43,0,0,0
SME,07/23/2010,23.3,23.9,23.2,23.5,23100,24.90,21.70,23.3,0.20,0.86,108200,0,0
SME,07/22/2010,23.5,23.5,23.1,23.3,71900,25.10,21.90,23.5,-0.20,-0.85,0,0,0
SME,07/21/2010,23.9,23.9,23.3,23.5,27900,25.50,22.30,23.9,-0.40,-1.67,0,0,0
SME,07/20/2010,24.4,24.4,23.8,23.9,52100,25.50,22.30,23.9,0.00,0.00,0,0,0
SME,07/19/2010,24.5,24.5,23.7,23.9,88000,25.50,22.30,23.9,0.00,0.00,75500,0,0
SME,07/16/2010,24.0,24.1,23.6,23.9,107300,25.50,22.30,23.9,0.00,0.00,0,0,0
SME,07/15/2010,24.3,24.4,23.6,23.9,117100,27.00,23.60,25.3,-1.40,-5.53,0,0,0
SME,07/14/2010,25.9,26.3,23.1,25.3,267900,26.30,22.90,24.6,0.70,2.85,0,0,0
SME,07/13/2010,23.2,24.7,23.2,24.6,208300,24.70,21.50,23.1,1.50,6.49,0,0,4400
SME,07/12/2010,22.8,23.4,22.7,23.1,37300,24.60,21.40,23.0,0.10,0.43,53300,0,0
SME,07/09/2010,23.1,23.4,22.7,23.0,26800,24.70,21.50,23.1,-0.10,-0.43,0,0,0
SME,07/08/2010,23.2,23.9,23.0,23.1,61400,24.20,21.20,22.7,0.40,1.76,0,0,0
SME,07/07/2010,23.1,23.6,22.4,22.7,72200,23.90,20.90,22.4,0.30,1.34,0,0,0
SME,07/06/2010,23.1,23.1,22.2,22.4,64500,24.80,21.60,23.2,-0.80,-3.45,0,0,500
SME,07/05/2010,24.0,24.0,23.0,23.2,21100,24.70,21.50,23.1,0.10,0.43,0,0,0
SME,07/02/2010,23.0,23.5,23.0,23.1,65300,24.20,21.20,22.7,0.40,1.76,0,0,0
SME,07/01/2010,23.0,23.8,22.2,22.7,126100,25.10,21.90,23.5,-0.80,-3.40,0,0,0
SME,06/30/2010,23.0,23.9,23.0,23.5,128800,26.30,22.90,24.6,-1.10,-4.47,0,0,0
SME,06/29/2010,24.4,25.0,24.3,24.6,107600,25.70,22.50,24.1,0.50,2.07,0,0,0
SME,06/28/2010,25.1,25.1,23.7,24.1,42700,26.80,23.40,25.1,-1.00,-3.98,0,4400,0
SME,06/25/2010,24.0,25.3,23.7,25.1,460600,25.30,22.10,23.7,1.40,5.91,0,4400,0
SME,06/24/2010,22.9,23.7,22.9,23.7,332200,23.70,20.70,22.2,1.50,6.76,0,0,0
SME,06/23/2010,21.3,22.8,21.3,22.2,64400,23.30,20.30,21.8,0.40,1.83,600000,0,0
SME,06/22/2010,21.5,22.0,21.5,21.8,45800,23.90,20.90,22.4,-0.60,-2.68,0,0,0
SME,06/21/2010,21.4,22.9,21.4,22.4,53000,23.60,20.60,22.1,0.30,1.36,15000,0,0
SME,06/18/2010,22.7,22.7,21.8,22.1,65200,24.00,21.00,22.5,-0.40,-1.78,281000,0,0
SME,06/17/2010,23.0,23.0,22.2,22.5,42900,24.50,21.30,22.9,-0.40,-1.75,20000,0,0
SME,06/16/2010,22.5,23.1,22.0,22.9,168000,23.10,20.10,21.6,1.30,6.02,281000,0,0
SME,06/15/2010,21.4,22.0,21.2,21.6,101200,23.30,20.30,21.8,-0.20,-0.92,0,0,0
SME,06/14/2010,22.0,22.0,21.3,21.8,34500,23.30,20.30,21.8,0.00,0.00,0,0,0
SME,06/11/2010,22.0,22.1,21.7,21.8,184400,22.70,19.90,21.3,0.50,2.35,0,0,0
SME,06/10/2010,21.0,21.7,21.0,21.3,44900,23.20,20.20,21.7,-0.40,-1.84,0,0,0
SME,06/09/2010,22.0,22.8,21.5,21.7,77500,23.30,20.30,21.8,-0.10,-0.46,0,0,0
SME,06/08/2010,21.0,22.4,21.0,21.8,63700,23.30,20.30,21.8,0.00,0.00,0,0,0
SME,06/07/2010,22.5,22.5,21.6,21.8,140100,24.80,21.60,23.2,-1.40,-6.03,0,0,0
SME,06/04/2010,24.0,24.0,22.6,23.2,145400,25.40,22.20,23.8,-0.60,-2.52,10000,0,0
SME,06/03/2010,24.3,24.6,23.3,23.8,95700,24.70,21.50,23.1,0.70,3.03,0,0,0
SME,06/02/2010,22.8,23.8,22.5,23.1,150600,24.70,21.50,23.1,0.00,0.00,0,0,0
SME,06/01/2010,22.2,23.8,22.1,23.1,188400,24.50,21.30,22.9,0.20,0.87,0,0,0
SME,05/31/2010,23.0,24.0,22.6,22.9,94700,25.80,22.60,24.2,-1.30,-5.37,0,0,0
SME,05/28/2010,24.3,24.8,24.0,24.6,320400,24.80,21.60,23.2,1.40,6.03,0,0,0
SME,05/27/2010,23.0,23.6,22.2,23.2,439500,23.60,20.60,22.1,1.10,4.98,0,0,0
SME,05/26/2010,20.9,22.2,20.8,22.1,123800,22.20,19.40,20.8,1.30,6.25,0,0,0
SME,05/25/2010,20.9,20.9,20.0,20.8,157300,20.90,18.30,19.6,1.20,6.12,0,0,0
SME,05/24/2010,19.5,19.6,19.0,19.6,318500,19.60,17.20,18.4,1.20,6.52,0,0,0
SME,05/21/2010,18.4,19.7,18.4,18.4,543300,21.00,18.40,19.7,-1.30,-6.60,0,0,0
SME,05/20/2010,18.9,21.4,18.9,19.7,272000,21.70,18.90,20.3,-0.60,-2.96,400000,1000,0
SME,05/19/2010,22.0,22.0,20.2,20.3,200300,23.20,20.20,21.7,-1.40,-6.45,0,10000,0
SME,05/18/2010,23.9,23.9,21.2,21.7,146900,24.00,21.00,22.5,-0.80,-3.56,0,100,0
SME,05/17/2010,23.0,24.0,22.4,22.5,338500,25.60,22.40,24.0,-1.50,-6.25,0,1500,2000
SME,05/14/2010,24.5,24.6,23.3,24.0,247100,26.20,22.80,24.5,-0.50,-2.04,0,0,0
SME,05/13/2010,25.8,26.5,24.0,24.5,284800,27.60,24.00,25.8,-1.30,-5.04,0,1000,0
SME,05/12/2010,27.2,29.2,25.4,25.8,409700,29.20,25.40,27.3,-1.50,-5.49,0,1000,0
SME,05/11/2010,27.8,27.8,26.4,27.3,366800,27.80,24.20,26.0,1.30,5.00,0,2500,0
SME,05/10/2010,25.0,26.5,24.8,26.0,641800,26.50,23.10,24.8,1.20,4.84,0,2000,0
SME,05/07/2010,26.5,26.9,24.0,24.8,383600,27.60,24.00,25.8,-1.00,-3.88,0,0,0
SME,05/06/2010,24.3,26.0,23.8,25.8,402200,26.00,22.60,24.3,1.50,6.17,0,0,0
SME,05/05/2010,26.1,26.1,24.3,24.3,315600,27.90,24.30,26.1,-1.80,-6.90,0,0,0
SME,05/04/2010,25.9,26.8,25.2,26.1,398000,26.80,23.40,25.1,1.00,3.98,0,3000,0
SME,04/29/2010,26.5,26.5,24.8,25.1,280800,28.20,24.60,26.4,-1.30,-4.92,0,3000,0
SME,04/28/2010,26.7,26.7,25.1,26.4,862100,26.70,23.30,25.0,1.40,5.60,0,9300,0
SME,04/27/2010,25.0,25.0,25.0,25.0,162300,25.00,21.80,23.4,1.60,6.84,5000,0,0
SME,04/26/2010,23.4,23.4,23.4,23.4,125700,23.40,20.40,21.9,1.50,6.85,0,0,0
SME,04/22/2010,21.5,22.0,21.3,21.9,322700,22.00,19.20,20.6,1.30,6.31,0,0,0
SME,04/21/2010,19.5,20.9,19.5,20.6,344100,20.90,18.30,19.6,1.00,5.10,0,0,0
SME,04/20/2010,19.9,20.0,19.3,19.6,133100,21.40,18.60,20.0,-0.40,-2.00,445300,0,0
SME,04/19/2010,20.3,21.0,19.5,20.0,37300,21.80,19.00,20.4,-0.40,-1.96,300000,0,0
SME,04/16/2010,19.5,20.6,19.5,20.4,465000,20.60,18.00,19.3,1.10,5.70,0,0,0
SME,04/15/2010,19.0,19.7,18.9,19.3,251100,20.40,17.80,19.1,0.20,1.05,0,0,0
SME,04/14/2010,19.0,19.8,18.6,19.1,103400,21.00,18.40,19.7,-0.60,-3.05,0,1000,0
SME,04/13/2010,21.0,21.5,19.3,19.7,405000,22.10,19.30,20.7,-1.00,-4.83,0,0,0
SME,04/12/2010,21.6,21.8,19.8,20.7,398100,21.80,19.00,20.4,0.30,1.47,0,0,0
SME,04/09/2010,20.4,20.4,20.2,20.4,416500,20.40,17.80,19.1,1.30,6.81,0,0,0
SME,04/08/2010,19.2,19.2,18.5,19.1,190800,19.20,16.80,18.0,1.10,6.11,0,0,0
SME,04/07/2010,21.9,21.9,17.0,18.0,941400,0.00,0.00,0.0,18.00,0.00,0,0,20000
