MaCK,Ngay,GiaMoCua,GiaCaoNhat,GiaThapNhat,GiaDongCua,KhoiLuongGD,GiaTran,GiaSan,GiaThamChieu,TangGiam,%,GDThoaThuan,NNMua,NNBan
APS,08/06/2010,18.4,18.4,17.5,18.0,283200,19.50,17.10,18.3,-0.30,-1.64,20000,0,0
APS,08/05/2010,18.2,18.8,17.7,18.3,302000,19.50,17.10,18.3,0.00,0.00,0,0,0
APS,08/04/2010,18.9,19.0,17.8,18.3,564900,20.40,17.80,19.1,-0.80,-4.19,0,0,0
APS,08/03/2010,19.2,19.4,18.2,19.1,451100,20.50,17.90,19.2,-0.10,-0.52,0,0,0
APS,08/02/2010,19.3,19.6,18.7,19.2,542600,20.50,17.90,19.2,0.00,0.00,20000,0,0
APS,07/30/2010,19.0,19.4,18.9,19.2,582800,20.40,17.80,19.1,0.10,0.52,0,0,0
APS,07/29/2010,19.0,19.3,18.8,19.1,567700,20.30,17.70,19.0,0.10,0.53,0,0,0
APS,07/28/2010,19.4,19.4,18.7,19.0,406000,20.60,18.00,19.3,-0.30,-1.55,0,0,0
APS,07/27/2010,18.2,19.7,18.2,19.3,1727600,19.70,17.30,18.5,0.80,4.32,0,0,0
APS,07/26/2010,19.0,19.0,18.3,18.5,445800,20.30,17.70,19.0,-0.50,-2.63,0,0,0
APS,07/23/2010,19.2,19.5,18.6,19.0,320100,20.10,17.50,18.8,0.20,1.06,0,0,0
APS,07/22/2010,19.2,19.2,18.5,18.8,655400,20.50,17.90,19.2,-0.40,-2.08,0,0,0
APS,07/21/2010,19.2,19.6,18.8,19.2,611300,20.20,17.60,18.9,0.30,1.59,0,0,0
APS,07/20/2010,18.7,19.5,18.7,18.9,1141100,19.90,17.30,18.6,0.30,1.61,0,0,0
APS,07/19/2010,18.4,18.8,18.4,18.6,537700,20.10,17.50,18.8,-0.20,-1.06,0,0,0
APS,07/16/2010,18.8,19.0,18.5,18.8,548700,20.20,17.60,18.9,-0.10,-0.53,0,0,0
APS,07/15/2010,19.2,19.6,18.5,18.9,502200,20.90,18.30,19.6,-0.70,-3.57,0,0,0
APS,07/14/2010,20.2,20.2,18.9,19.6,802500,20.20,17.60,18.9,0.70,3.70,0,0,0
APS,07/13/2010,18.1,18.9,18.1,18.9,378900,18.90,16.50,17.7,1.20,6.78,0,0,0
APS,07/12/2010,17.5,18.1,17.3,17.7,271200,18.50,16.10,17.3,0.40,2.31,0,0,0
APS,07/09/2010,17.5,17.5,17.1,17.3,150800,18.80,16.40,17.6,-0.30,-1.70,0,0,0
APS,07/08/2010,17.7,18.2,17.2,17.6,163000,18.60,16.20,17.4,0.20,1.15,0,0,0
APS,07/07/2010,17.5,17.7,17.2,17.4,160300,18.50,16.10,17.3,0.10,0.58,0,0,0
APS,07/06/2010,18.0,18.0,17.0,17.3,375600,19.00,16.60,17.8,-0.50,-2.81,0,100,0
APS,07/05/2010,18.0,18.0,17.7,17.8,175700,19.10,16.70,17.9,-0.10,-0.56,0,0,0
APS,07/02/2010,17.8,18.1,17.8,17.9,166200,19.10,16.70,17.9,0.00,0.00,0,0,0
APS,07/01/2010,18.0,18.1,17.7,17.9,296100,19.20,16.80,18.0,-0.10,-0.56,0,0,0
APS,06/30/2010,18.0,18.4,17.7,18.0,375700,20.00,17.40,18.7,-0.70,-3.74,0,0,0
APS,06/29/2010,18.7,19.0,18.5,18.7,221500,19.70,17.30,18.5,0.20,1.08,0,0,0
APS,06/28/2010,18.5,18.9,18.2,18.5,266900,19.40,17.00,18.2,0.30,1.65,0,0,0
APS,06/25/2010,18.8,18.8,18.0,18.2,482700,20.10,17.50,18.8,-0.60,-3.19,0,0,0
APS,06/24/2010,18.6,19.1,18.6,18.8,386400,20.00,17.40,18.7,0.10,0.53,0,0,0
APS,06/23/2010,18.6,19.1,18.4,18.7,371200,20.40,17.80,19.1,-0.40,-2.09,0,0,0
APS,06/22/2010,19.5,19.7,18.8,19.1,778700,21.00,18.40,19.7,-0.60,-3.05,0,0,0
APS,06/21/2010,20.0,20.3,19.4,19.7,364200,21.40,18.60,20.0,-0.30,-1.50,0,0,0
APS,06/18/2010,21.0,21.0,19.6,20.0,518800,21.80,19.00,20.4,-0.40,-1.96,0,0,0
APS,06/17/2010,20.6,20.6,20.0,20.4,1264200,20.60,18.00,19.3,1.10,5.70,0,0,0
APS,06/16/2010,18.5,19.7,18.0,19.3,1817300,19.70,17.30,18.5,0.80,4.32,0,0,0
APS,06/15/2010,19.3,19.3,18.2,18.5,442100,20.40,17.80,19.1,-0.60,-3.14,0,0,0
APS,06/14/2010,19.7,19.7,18.9,19.1,591800,20.20,17.60,18.9,0.20,1.06,0,0,0
APS,06/11/2010,20.0,20.0,18.5,18.9,683900,20.00,17.40,18.7,0.20,1.07,0,1200,0
APS,06/10/2010,19.5,19.5,18.4,18.7,368300,20.20,17.60,18.9,-0.20,-1.06,0,0,0
APS,06/09/2010,18.5,19.3,18.5,18.9,743800,19.50,17.10,18.3,0.60,3.28,0,0,0
APS,06/08/2010,17.9,18.6,17.8,18.3,380300,19.60,17.20,18.4,-0.10,-0.54,0,0,0
APS,06/07/2010,19.0,20.0,18.0,18.4,612000,20.50,17.90,19.2,-0.80,-4.17,0,0,0
APS,06/04/2010,18.6,19.6,18.3,19.2,1865700,19.60,17.20,18.4,0.80,4.35,0,0,40000
APS,06/03/2010,18.2,19.0,18.1,18.4,477500,19.00,16.60,17.8,0.60,3.37,0,0,0
APS,06/02/2010,17.5,18.0,17.2,17.8,345000,19.20,16.80,18.0,-0.20,-1.11,0,0,0
APS,06/01/2010,18.5,18.5,17.5,18.0,562000,19.50,17.10,18.3,-0.30,-1.64,0,0,0
APS,05/31/2010,19.9,19.9,17.4,18.3,526100,19.90,17.30,18.6,-0.30,-1.61,0,0,0
APS,05/28/2010,18.2,18.7,18.1,18.6,734200,18.70,16.30,17.5,1.10,6.29,0,0,0
APS,05/27/2010,17.8,17.8,17.0,17.5,584000,18.70,16.30,17.5,0.00,0.00,0,0,0
APS,05/26/2010,17.3,18.0,17.0,17.5,801900,18.50,16.10,17.3,0.20,1.16,0,0,0
APS,05/25/2010,17.1,17.6,16.6,17.3,561800,17.90,15.70,16.8,0.50,2.98,0,0,0
APS,05/24/2010,16.0,17.1,15.8,16.8,772200,17.10,14.90,16.0,0.80,5.00,0,0,0
APS,05/21/2010,17.0,17.0,16.0,16.0,401100,18.40,16.00,17.2,-1.20,-6.98,0,0,0
APS,05/20/2010,16.9,18.4,16.6,17.2,1231100,19.00,16.60,17.8,-0.60,-3.37,0,20000,0
APS,05/19/2010,18.9,18.9,17.4,17.8,387600,20.00,17.40,18.7,-0.90,-4.81,0,0,0
APS,05/18/2010,19.7,20.0,18.3,18.7,249000,20.60,18.00,19.3,-0.60,-3.11,0,0,0
APS,05/17/2010,18.8,19.6,18.8,19.3,657200,19.60,17.20,18.4,0.90,4.89,0,0,4000
APS,05/14/2010,18.5,19.0,18.0,18.4,547200,19.90,17.30,18.6,-0.20,-1.08,50000,0,4000
APS,05/13/2010,19.3,19.5,18.1,18.6,1003500,20.60,18.00,19.3,-0.70,-3.63,0,20000,1000
APS,05/12/2010,20.8,21.8,19.0,19.3,987900,21.80,19.00,20.4,-1.10,-5.39,0,0,0
APS,05/11/2010,21.5,23.0,20.0,20.4,1651000,23.00,20.00,21.5,-1.10,-5.12,0,0,0
APS,05/10/2010,21.9,21.9,20.5,21.5,1132900,21.90,19.10,20.5,1.00,4.88,25000,21300,0
APS,05/07/2010,20.6,20.6,18.5,20.5,1976500,20.60,18.00,19.3,1.20,6.22,0,0,0
APS,05/06/2010,18.6,19.4,18.3,19.3,617800,19.40,17.00,18.2,1.10,6.04,20000,0,0
APS,05/05/2010,19.1,19.2,17.2,18.2,2100000,19.20,16.80,18.0,0.20,1.11,0,0,5600
APS,05/04/2010,18.0,18.0,18.0,18.0,313800,18.00,15.80,16.9,1.10,6.51,0,0,0
APS,04/29/2010,16.9,16.9,16.9,16.9,421800,16.90,14.70,15.8,1.10,6.96,10000,0,500
APS,04/28/2010,15.4,15.9,15.1,15.8,547200,15.90,13.90,14.9,0.90,6.04,30000,100,0
APS,04/27/2010,14.9,15.2,14.7,14.9,462100,16.00,14.00,15.0,-0.10,-0.67,0,0,0
APS,04/26/2010,15.3,15.4,14.7,15.0,459400,15.90,13.90,14.9,0.10,0.67,0,100,0
APS,04/22/2010,14.6,15.1,14.4,14.9,931700,15.10,13.30,14.2,0.70,4.93,70000,2000,0
APS,04/21/2010,14.2,14.5,13.9,14.2,358200,15.10,13.30,14.2,0.00,0.00,0,4000,0
APS,04/20/2010,14.4,15.0,14.0,14.2,592300,15.80,13.80,14.8,-0.60,-4.05,0,0,0
APS,04/19/2010,16.3,16.5,14.5,14.8,1000600,0.00,0.00,0.0,14.80,0.00,94700,0,0
APS,08/12/2009,0.0,0.0,0.0,9.7,22960,10.60,8.80,9.7,0.00,0.00,0,0,0
APS,08/11/2009,0.0,0.0,0.0,9.7,8480,10.60,8.80,9.7,0.00,0.00,0,0,0
