MaCK,Ngay,GiaMoCua,GiaCaoNhat,GiaThapNhat,GiaDongCua,KhoiLuongGD,GiaTran,GiaSan,GiaThamChieu,TangGiam,%,GDThoaThuan,NNMua,NNBan
CTI,08/06/2010,46.8,46.8,45.9,46.0,251220,49.10,44.50,46.8,-0.80,-1.71,0,0,0
CTI,08/05/2010,46.6,47.0,45.0,46.8,339670,49.00,44.40,46.7,0.10,0.21,0,0,0
CTI,08/04/2010,46.4,46.7,45.6,46.7,138230,48.90,44.30,46.6,0.10,0.21,0,0,0
CTI,08/03/2010,46.0,47.8,45.6,46.6,332480,48.80,44.20,46.5,0.10,0.22,0,0,0
CTI,08/02/2010,45.6,46.8,45.3,46.5,188610,49.30,44.70,47.0,-0.50,-1.06,0,0,0
CTI,07/30/2010,45.2,47.0,45.0,47.0,401970,49.00,44.40,46.7,0.30,0.64,0,0,0
CTI,07/29/2010,44.4,46.9,44.4,46.7,415140,47.20,42.80,45.0,1.70,3.78,0,0,0
CTI,07/28/2010,43.8,45.0,43.4,45.0,306860,45.40,41.20,43.3,1.70,3.93,0,0,0
CTI,07/27/2010,42.3,44.9,41.3,43.3,256570,45.40,41.20,43.3,0.00,0.00,0,0,0
CTI,07/26/2010,43.4,43.6,43.3,43.3,100860,47.70,43.30,45.5,-2.20,-4.84,0,0,0
CTI,07/23/2010,43.3,45.5,43.1,45.5,329210,47.50,43.10,45.3,0.20,0.44,0,0,0
CTI,07/22/2010,43.3,45.3,43.1,45.3,428350,47.50,43.10,45.3,0.00,0.00,0,0,0
CTI,07/21/2010,46.0,47.5,45.3,45.3,356680,49.90,45.30,47.6,-2.30,-4.83,0,0,0
CTI,07/20/2010,47.0,49.0,46.7,47.6,311820,51.00,46.60,49.0,-1.40,-2.86,0,0,0
CTI,07/19/2010,49.0,52.5,49.0,49.0,176190,53.50,48.50,51.0,-2.00,-3.92,20000,0,0
CTI,07/16/2010,51.0,51.0,51.0,51.0,227260,51.00,46.40,48.8,2.20,4.51,0,0,0
CTI,07/15/2010,46.5,48.8,46.5,48.8,354430,48.80,44.20,46.5,2.30,4.95,0,0,0
CTI,07/14/2010,47.0,50.0,46.1,46.5,743300,50.50,46.10,48.5,-2.00,-4.12,0,0,0
CTI,07/13/2010,46.3,48.5,46.3,48.5,289830,48.60,44.00,46.3,2.20,4.75,0,0,0
CTI,07/12/2010,44.9,46.3,44.4,46.3,134810,46.30,41.90,44.1,2.20,4.99,0,0,0
CTI,07/09/2010,42.0,44.1,40.6,44.1,384540,44.10,39.90,42.0,2.10,5.00,0,0,0
CTI,07/08/2010,44.8,44.8,42.0,42.0,424760,45.20,41.00,43.1,-1.10,-2.55,0,0,0
CTI,07/07/2010,41.1,43.1,39.5,43.1,539310,43.10,39.10,41.1,2.00,4.87,0,0,0
CTI,07/06/2010,44.0,44.0,41.1,41.1,396580,45.10,40.90,43.0,-1.90,-4.42,0,0,3000
CTI,07/05/2010,41.0,43.0,41.0,43.0,215710,43.00,39.00,41.0,2.00,4.88,0,0,0
CTI,07/02/2010,39.1,41.0,38.8,41.0,234480,41.00,37.20,39.1,1.90,4.86,20000,0,0
CTI,07/01/2010,37.6,39.4,37.5,39.1,345910,39.40,35.80,37.6,1.50,3.99,0,0,0
CTI,06/30/2010,35.8,37.6,35.7,37.6,281670,39.30,35.70,37.5,0.10,0.27,93800,3000,0
CTI,06/29/2010,37.0,39.0,37.0,37.5,177030,39.30,35.70,37.5,0.00,0.00,30000,0,0
CTI,06/28/2010,34.9,37.5,34.9,37.5,357740,37.80,34.20,36.0,1.50,4.17,0,0,0
CTI,06/25/2010,36.2,37.8,36.0,36.0,171600,39.60,36.00,37.8,-1.80,-4.76,0,0,0
CTI,06/24/2010,37.0,38.0,36.2,37.8,242290,38.80,35.20,37.0,0.80,2.16,0,0,0
CTI,06/23/2010,35.3,37.0,33.9,37.0,413330,37.00,33.60,35.3,1.70,4.82,0,0,0
CTI,06/22/2010,35.3,35.3,35.3,35.3,382690,35.30,32.10,33.7,1.60,4.75,0,0,350
CTI,06/21/2010,33.7,33.7,33.7,33.7,126770,33.70,30.50,32.1,1.60,4.98,0,0,0
CTI,06/18/2010,32.1,32.1,31.0,32.1,646810,32.10,29.10,30.6,1.50,4.90,20000,50,0
CTI,06/17/2010,30.6,30.6,30.6,30.6,75330,30.60,27.80,29.2,1.40,4.79,151300,0,0
CTI,06/16/2010,29.2,29.2,29.2,29.2,130750,29.20,26.60,27.9,1.30,4.66,245000,0,0
CTI,06/15/2010,28.4,28.4,27.8,27.9,66080,29.20,26.60,27.9,0.00,0.00,50000,0,0
CTI,06/14/2010,28.2,28.2,27.9,27.9,23290,29.40,26.60,28.0,-0.10,-0.36,0,0,0
CTI,06/11/2010,28.5,28.5,27.9,28.0,41460,29.10,26.50,27.8,0.20,0.72,95000,0,0
CTI,06/10/2010,27.3,28.0,27.3,27.8,34720,28.60,26.00,27.3,0.50,1.83,50000,0,0
CTI,06/09/2010,0.0,28.0,27.3,27.3,54420,28.50,25.90,27.2,0.10,0.37,45000,0,0
CTI,06/08/2010,27.0,28.4,27.0,27.2,28600,28.90,26.30,27.6,-0.40,-1.45,90000,0,0
CTI,06/07/2010,27.6,28.6,27.6,27.6,140160,30.40,27.60,29.0,-1.40,-4.83,90000,0,0
CTI,06/04/2010,29.0,29.1,28.5,29.0,39420,30.40,27.60,29.0,0.00,0.00,30000,0,0
CTI,06/03/2010,28.5,29.4,28.0,29.0,132990,29.40,26.60,28.0,1.00,3.57,0,0,0
CTI,06/02/2010,28.0,28.0,26.8,28.0,45410,29.40,26.60,28.0,0.00,0.00,90000,0,0
CTI,06/01/2010,28.3,28.7,27.8,28.0,76510,29.70,26.90,28.3,-0.30,-1.06,0,0,0
CTI,05/31/2010,28.8,29.0,28.0,28.3,106740,30.20,27.40,28.8,-0.50,-1.74,0,0,0
CTI,05/28/2010,28.8,28.8,27.7,28.8,125670,28.80,26.20,27.5,1.30,4.73,25000,0,0
CTI,05/27/2010,27.5,27.9,27.1,27.5,86580,28.80,26.20,27.5,0.00,0.00,0,0,0
CTI,05/26/2010,26.8,27.5,26.3,27.5,138640,27.50,24.90,26.2,1.30,4.96,0,0,0
CTI,05/25/2010,26.5,26.8,25.5,26.2,46790,26.80,24.40,25.6,0.60,2.34,0,0,0
CTI,05/24/2010,25.6,26.8,25.2,25.6,34550,27.10,24.70,25.9,-0.30,-1.16,0,0,0
CTI,05/21/2010,25.9,26.0,25.9,25.9,146910,28.50,25.90,27.2,-1.30,-4.78,25000,0,0
CTI,05/20/2010,25.2,27.2,25.2,27.2,136190,27.80,25.20,26.5,0.70,2.64,0,0,0
CTI,05/19/2010,27.0,28.0,26.5,26.5,139390,29.10,26.50,27.8,-1.30,-4.68,0,0,0
CTI,05/18/2010,27.0,28.3,27.0,27.8,46730,29.20,26.60,27.9,-0.10,-0.36,100000,0,0
CTI,05/17/2010,30.0,30.0,27.8,27.9,100980,30.50,27.70,29.1,-1.20,-4.12,0,0,0
CTI,05/14/2010,29.0,29.1,27.3,29.1,257130,30.10,27.30,28.7,0.40,1.39,0,0,0
CTI,05/13/2010,28.7,29.0,28.7,28.7,451300,31.70,28.70,30.2,-1.50,-4.97,20000,0,0
CTI,05/12/2010,30.2,30.2,30.2,30.2,23420,33.20,30.20,31.7,-1.50,-4.73,0,0,0
CTI,05/11/2010,33.3,33.3,31.7,31.7,100440,34.90,31.70,33.3,-1.60,-4.80,0,0,0
CTI,05/10/2010,35.0,35.0,33.3,33.3,161870,36.70,33.30,35.0,-1.70,-4.86,0,200,0
CTI,05/07/2010,34.3,35.0,34.0,35.0,345100,37.40,34.00,35.7,-0.70,-1.96,0,0,0
CTI,05/06/2010,35.7,35.7,34.1,35.7,422880,35.70,32.30,34.0,1.70,5.00,0,0,0
CTI,05/05/2010,31.5,34.0,31.5,34.0,263860,34.00,30.80,32.4,1.60,4.94,0,0,0
CTI,05/04/2010,32.4,32.4,31.2,32.4,183080,32.40,29.40,30.9,1.50,4.85,0,50,0
CTI,04/29/2010,30.0,30.9,29.2,30.9,291750,30.90,28.10,29.5,1.40,4.75,0,0,0
CTI,04/28/2010,28.1,29.5,28.0,29.5,284810,30.70,27.90,29.3,0.20,0.68,0,0,0
CTI,04/27/2010,30.0,30.0,28.9,29.3,106350,31.80,28.80,30.3,-1.00,-3.30,0,0,0
CTI,04/26/2010,30.3,30.3,29.5,30.3,515370,30.30,27.50,28.9,1.40,4.84,0,0,0
CTI,04/22/2010,28.9,28.9,28.9,28.9,110440,28.90,26.30,27.6,1.30,4.71,0,0,0
CTI,04/21/2010,27.0,27.6,26.9,27.6,509740,27.60,25.00,26.3,1.30,4.94,0,0,0
CTI,04/20/2010,26.9,26.9,25.9,26.3,249290,27.00,24.60,25.8,0.50,1.94,0,0,0
CTI,04/19/2010,25.2,26.2,25.2,25.8,67600,27.40,24.80,26.1,-0.30,-1.15,0,0,0
CTI,04/16/2010,0.0,26.4,25.9,26.1,217630,27.60,25.00,26.3,-0.20,-0.76,0,0,53470
CTI,04/15/2010,26.0,26.3,25.8,26.3,78710,27.10,24.70,25.9,0.40,1.54,0,0,0
CTI,04/14/2010,25.8,25.9,25.0,25.9,60890,27.00,24.60,25.8,0.10,0.39,0,0,0
CTI,04/13/2010,26.2,26.2,25.8,25.8,102620,27.50,24.90,26.2,-0.40,-1.53,0,0,0
CTI,04/12/2010,26.8,26.8,26.1,26.2,128010,27.30,24.70,26.0,0.20,0.77,0,2000,0
CTI,04/09/2010,25.6,26.1,25.5,26.0,105310,26.80,24.40,25.6,0.40,1.56,0,43970,0
CTI,04/08/2010,26.2,26.2,25.6,25.6,51720,26.90,24.50,25.7,-0.10,-0.39,0,500,0
CTI,04/07/2010,24.5,25.7,24.5,25.7,150190,25.70,23.30,24.5,1.20,4.90,0,7350,0
CTI,04/06/2010,26.0,26.0,24.5,24.5,63980,26.10,23.70,24.9,-0.40,-1.61,0,0,0
CTI,04/05/2010,25.5,25.5,24.5,24.9,83270,26.70,24.30,25.5,-0.60,-2.35,0,0,0
CTI,04/02/2010,26.5,26.9,25.5,25.5,97110,27.80,25.20,26.5,-1.00,-3.77,0,0,0
CTI,04/01/2010,26.5,26.5,25.5,26.5,359730,26.50,24.10,25.3,1.20,4.74,0,0,0
CTI,03/31/2010,25.3,25.3,25.3,25.3,31140,25.30,22.90,24.1,1.20,4.98,0,0,0
CTI,03/30/2010,22.9,24.1,22.9,24.1,97630,24.10,21.90,23.0,1.10,4.78,0,0,0
CTI,03/29/2010,24.0,24.5,23.0,23.0,96800,25.40,23.00,24.2,-1.20,-4.96,0,0,0
CTI,03/26/2010,25.2,25.2,24.2,24.2,14800,25.60,23.20,24.4,-0.20,-0.82,0,0,0
CTI,03/25/2010,24.4,25.0,24.4,24.4,40060,26.70,24.30,25.5,-1.10,-4.31,0,0,0
CTI,03/24/2010,25.3,26.3,25.3,25.5,78590,27.70,25.10,26.4,-0.90,-3.41,0,0,0
CTI,03/23/2010,28.0,28.2,26.4,26.4,349160,29.00,26.40,27.7,-1.30,-4.69,0,0,0
CTI,03/22/2010,27.7,27.7,27.6,27.7,487370,27.70,25.10,26.4,1.30,4.92,0,0,0
CTI,03/19/2010,26.4,26.4,26.4,26.4,66100,26.40,17.60,0.0,26.40,0.00,0,0,0
