MaCK,Ngay,GiaMoCua,GiaCaoNhat,GiaThapNhat,GiaDongCua,KhoiLuongGD,GiaTran,GiaSan,GiaThamChieu,TangGiam,%,GDThoaThuan,NNMua,NNBan
DNC,08/06/2010,16.2,16.2,16.2,16.2,1000,18.10,15.90,17.0,-0.80,-4.71,0,0,0
DNC,08/05/2010,0.0,0.0,0.0,17.0,0,18.10,15.90,17.0,0.00,0.00,0,0,0
DNC,08/04/2010,0.0,0.0,0.0,17.0,0,18.10,15.90,17.0,0.00,0.00,0,0,0
DNC,08/03/2010,17.0,17.0,17.0,17.0,100,17.50,15.30,16.4,0.60,3.66,0,0,0
DNC,08/02/2010,16.4,16.4,16.4,16.4,2000,17.90,15.70,16.8,-0.40,-2.38,0,0,0
DNC,07/30/2010,16.8,16.8,16.8,16.8,1900,17.90,15.70,16.8,0.00,0.00,0,0,0
DNC,07/29/2010,18.8,18.8,16.6,16.8,1300,18.80,16.40,17.6,-0.80,-4.55,0,0,0
DNC,07/28/2010,0.0,0.0,0.0,17.6,0,18.80,16.40,17.6,0.00,0.00,0,0,0
DNC,07/27/2010,17.7,17.7,17.5,17.6,600,20.10,17.50,18.8,-1.20,-6.38,0,0,0
DNC,07/26/2010,0.0,0.0,0.0,18.8,0,20.10,17.50,18.8,0.00,0.00,0,0,0
DNC,07/23/2010,18.8,18.8,18.8,18.8,100,19.40,17.00,18.2,0.60,3.30,0,0,0
DNC,07/22/2010,19.0,19.0,17.7,18.2,1300,20.30,17.70,19.0,-0.80,-4.21,0,0,0
DNC,07/21/2010,19.0,19.0,19.0,19.0,200,19.70,17.30,18.5,0.50,2.70,0,0,0
DNC,07/20/2010,19.5,19.5,18.5,18.5,3100,19.60,17.20,18.4,0.10,0.54,0,0,0
DNC,07/19/2010,19.0,19.0,18.2,18.4,6600,19.00,16.60,17.8,0.60,3.37,0,0,0
DNC,07/16/2010,19.5,19.5,17.8,17.8,22600,20.30,17.70,19.0,-1.20,-6.32,0,0,0
DNC,07/15/2010,0.0,0.0,0.0,19.0,0,20.30,17.70,19.0,0.00,0.00,0,0,0
DNC,07/14/2010,19.5,19.5,19.0,19.0,1500,19.70,17.30,18.5,0.50,2.70,0,1300,0
DNC,07/13/2010,19.9,19.9,18.2,18.5,1400,19.90,17.30,18.6,-0.10,-0.54,0,200,0
DNC,07/12/2010,18.6,19.9,18.6,18.6,6400,21.20,18.60,19.9,-1.30,-6.53,0,0,0
DNC,07/09/2010,22.5,22.5,19.7,19.9,1700,22.50,19.70,21.1,-1.20,-5.69,0,0,0
DNC,07/08/2010,0.0,0.0,0.0,21.1,0,22.50,19.70,21.1,0.00,0.00,0,0,0
DNC,07/07/2010,23.4,23.4,20.5,21.1,800,23.50,20.50,22.0,-0.90,-4.09,0,0,0
DNC,07/06/2010,22.0,22.0,22.0,22.0,100,22.10,19.30,20.7,1.30,6.28,0,0,0
DNC,07/05/2010,0.0,0.0,0.0,20.7,0,22.10,19.30,20.7,0.00,0.00,0,0,0
DNC,07/02/2010,20.7,20.7,20.7,20.7,100,20.70,18.10,19.4,1.30,6.70,0,0,0
DNC,07/01/2010,19.4,19.4,19.4,19.4,200,20.80,18.20,19.5,-0.10,-0.51,0,0,0
DNC,06/30/2010,19.5,19.5,19.5,19.5,100,20.20,17.60,18.9,0.60,3.17,0,0,0
DNC,06/29/2010,19.9,19.9,18.8,18.9,3400,20.00,17.40,18.7,0.20,1.07,0,0,0
DNC,06/28/2010,18.2,19.0,18.2,18.7,14000,20.30,17.70,19.0,-0.30,-1.58,0,0,0
DNC,06/25/2010,0.0,0.0,0.0,19.0,0,20.30,17.70,19.0,0.00,0.00,0,0,0
DNC,06/24/2010,19.0,19.0,18.9,19.0,13300,19.40,17.00,18.2,0.80,4.40,0,0,0
DNC,06/23/2010,18.2,18.2,18.2,18.2,6100,18.20,16.00,17.1,1.10,6.43,0,0,0
DNC,06/22/2010,16.4,17.6,16.4,17.1,7800,17.60,15.40,16.5,0.60,3.64,0,0,0
DNC,06/21/2010,16.5,16.5,16.5,16.5,2100,17.90,15.70,16.8,-0.30,-1.79,0,0,0
DNC,06/18/2010,16.8,16.8,16.8,16.8,100,16.90,14.70,15.8,1.00,6.33,0,0,0
DNC,06/17/2010,15.8,15.8,15.8,15.8,100,16.50,14.50,15.5,0.30,1.94,0,0,0
DNC,06/16/2010,15.7,15.8,15.2,15.5,2200,17.10,14.90,16.0,-0.50,-3.13,0,0,0
DNC,06/15/2010,16.0,16.0,16.0,16.0,100,16.90,14.70,15.8,0.20,1.27,0,0,0
DNC,06/14/2010,15.5,16.0,15.5,15.8,2400,17.60,15.40,16.5,-0.70,-4.24,0,0,0
DNC,06/11/2010,16.5,16.5,16.5,16.5,100,17.10,14.90,16.0,0.50,3.13,0,0,0
DNC,06/10/2010,0.0,0.0,0.0,16.0,0,17.10,14.90,16.0,0.00,0.00,0,0,0
DNC,06/09/2010,16.0,16.0,16.0,16.0,500,16.50,14.50,15.5,0.50,3.23,0,0,0
DNC,06/08/2010,0.0,0.0,0.0,15.5,0,16.50,14.50,15.5,0.00,0.00,0,0,0
DNC,06/07/2010,16.7,16.7,15.2,15.5,3400,17.40,15.20,16.3,-0.80,-4.91,0,0,0
DNC,06/04/2010,16.7,16.7,15.8,16.3,200,17.80,15.60,16.7,-0.40,-2.40,0,0,0
DNC,06/03/2010,16.7,16.7,16.7,16.7,100,17.60,15.40,16.5,0.20,1.21,0,0,0
DNC,06/02/2010,15.7,16.7,15.7,16.5,1700,17.90,15.70,16.8,-0.30,-1.79,0,0,0
DNC,06/01/2010,16.8,16.8,16.8,16.8,100,19.20,16.80,18.0,-1.20,-6.67,0,0,0
DNC,05/31/2010,18.0,18.0,18.0,18.0,100,18.10,15.90,17.0,1.00,5.88,0,0,0
DNC,05/28/2010,17.0,17.0,17.0,17.0,10500,17.00,14.80,15.9,1.10,6.92,0,0,0
DNC,05/27/2010,15.5,16.5,14.5,15.9,7600,16.50,14.50,15.5,0.40,2.58,0,0,0
DNC,05/26/2010,13.9,15.8,13.9,15.5,600,15.80,13.80,14.8,0.70,4.73,0,0,0
DNC,05/25/2010,15.0,16.9,14.7,14.8,2400,16.90,14.70,15.8,-1.00,-6.33,0,0,0
DNC,05/24/2010,15.8,15.8,15.7,15.8,6300,17.90,15.70,16.8,-1.00,-5.95,0,0,0
DNC,05/21/2010,16.8,16.8,16.8,16.8,100,19.20,16.80,18.0,-1.20,-6.67,0,0,0
DNC,05/20/2010,20.3,20.3,17.7,18.0,1000,20.30,17.70,19.0,-1.00,-5.26,0,0,0
DNC,05/19/2010,19.0,19.0,19.0,19.0,2000,20.30,17.70,19.0,0.00,0.00,0,2000,0
DNC,05/18/2010,19.0,19.0,19.0,19.0,100,19.10,16.70,17.9,1.10,6.15,0,0,0
DNC,05/17/2010,17.9,17.9,17.3,17.9,1200,18.20,16.00,17.1,0.80,4.68,0,0,0
DNC,05/14/2010,17.1,17.2,17.1,17.1,19600,19.50,17.10,18.3,-1.20,-6.56,0,0,0
DNC,05/13/2010,18.3,18.3,18.3,18.3,500,20.90,18.30,19.6,-1.30,-6.63,0,0,0
DNC,05/12/2010,19.6,19.6,19.6,19.6,100,22.40,19.60,21.0,-1.40,-6.67,0,0,0
DNC,05/11/2010,22.4,22.4,20.0,21.0,1300,22.40,19.60,21.0,0.00,0.00,0,0,0
DNC,05/10/2010,20.5,21.0,20.0,21.0,21500,21.00,18.40,19.7,1.30,6.60,0,0,0
DNC,05/07/2010,19.7,19.7,19.7,19.7,48700,19.70,17.30,18.5,1.20,6.49,0,0,0
DNC,05/06/2010,18.4,18.5,18.4,18.5,4200,18.50,16.10,17.3,1.20,6.94,0,0,0
DNC,05/05/2010,17.3,17.3,17.3,17.3,19800,17.30,15.10,16.2,1.10,6.79,0,0,0
DNC,05/04/2010,16.2,16.2,16.2,16.2,2600,16.20,14.20,15.2,1.00,6.58,0,0,0
DNC,04/29/2010,14.7,15.4,14.7,15.2,16000,15.40,13.40,14.4,0.80,5.56,0,0,0
DNC,04/28/2010,14.3,14.5,14.3,14.4,2800,15.10,13.30,14.2,0.20,1.41,0,0,0
DNC,04/27/2010,14.3,14.6,13.9,14.2,2100,14.70,12.90,13.8,0.40,2.90,0,0,0
DNC,04/26/2010,13.9,13.9,13.8,13.8,7500,15.10,13.30,14.2,-0.40,-2.82,0,0,0
DNC,04/22/2010,14.6,14.6,13.9,14.2,1500,15.80,13.80,14.8,-0.60,-4.05,0,0,0
DNC,04/21/2010,14.8,14.8,14.8,14.8,3700,15.00,13.20,14.1,0.70,4.96,0,0,0
DNC,04/20/2010,14.0,14.2,14.0,14.1,4100,14.50,12.70,13.6,0.50,3.68,0,0,0
DNC,04/19/2010,13.5,15.0,13.2,13.6,4000,15.00,13.20,14.1,-0.50,-3.55,0,0,0
DNC,04/16/2010,14.0,14.2,14.0,14.1,3200,15.70,13.70,14.7,-0.60,-4.08,0,0,0
DNC,04/15/2010,14.7,14.7,14.7,14.7,1100,16.70,14.70,15.7,-1.00,-6.37,0,0,0
DNC,04/14/2010,0.0,0.0,0.0,15.7,0,16.70,14.70,15.7,0.00,0.00,0,0,0
DNC,04/13/2010,15.9,15.9,15.7,15.7,900,15.90,13.90,14.9,0.80,5.37,0,0,0
DNC,04/12/2010,14.5,15.4,14.5,14.9,6300,15.40,13.40,14.4,0.50,3.47,0,0,0
DNC,04/09/2010,14.3,14.6,14.3,14.4,2300,16.10,14.10,15.1,-0.70,-4.64,0,0,0
DNC,04/08/2010,15.1,15.1,15.0,15.1,2200,15.10,13.30,14.2,0.90,6.34,0,0,0
DNC,04/07/2010,15.7,15.7,14.8,15.4,4500,15.80,13.80,14.8,0.60,4.05,0,0,0
DNC,04/06/2010,15.2,15.2,14.5,14.8,5600,16.00,14.00,15.0,-0.20,-1.33,0,0,0
DNC,04/05/2010,15.0,15.7,14.8,15.0,10100,15.70,13.70,14.7,0.30,2.04,0,0,0
DNC,04/02/2010,15.0,15.0,14.6,14.7,1200,16.60,14.60,15.6,-0.90,-5.77,0,0,0
DNC,04/01/2010,14.7,16.0,14.7,15.6,600,16.00,14.00,15.0,0.60,4.00,0,0,0
DNC,03/31/2010,17.1,17.1,14.9,15.0,7200,17.10,14.90,16.0,-1.00,-6.25,0,0,0
DNC,03/30/2010,16.0,16.0,16.0,16.0,1500,18.40,16.00,17.2,-1.20,-6.98,0,0,0
DNC,03/29/2010,17.1,17.5,17.1,17.2,9000,19.50,17.10,18.3,-1.10,-6.01,0,0,0
DNC,03/26/2010,18.3,18.3,18.3,18.3,800,20.90,18.30,19.6,-1.30,-6.63,0,0,0
DNC,03/25/2010,19.6,19.6,19.6,19.6,200,19.60,17.20,18.4,1.20,6.52,0,0,0
DNC,03/24/2010,18.4,18.4,18.4,18.4,10100,18.40,16.00,17.2,1.20,6.98,0,0,0
DNC,03/23/2010,17.2,17.2,17.0,17.2,30300,17.20,15.00,16.1,1.10,6.83,0,0,0
DNC,03/22/2010,16.1,16.1,16.0,16.1,6900,16.10,14.10,15.1,1.00,6.62,0,0,0
DNC,03/19/2010,15.1,15.1,15.1,15.1,3100,15.10,13.30,14.2,0.90,6.34,0,0,0
DNC,03/18/2010,14.2,14.2,14.2,14.2,2700,14.20,12.40,13.3,0.90,6.77,0,0,0
DNC,03/17/2010,12.8,13.4,12.8,13.3,12300,13.40,11.80,12.6,0.70,5.56,0,0,0
DNC,03/16/2010,12.5,12.6,12.5,12.6,6500,12.60,11.00,11.8,0.80,6.78,0,0,0
DNC,03/15/2010,11.8,11.8,11.8,11.8,100,11.80,10.40,11.1,0.70,6.31,0,0,0
DNC,03/12/2010,11.2,11.3,11.0,11.1,5100,11.90,10.50,11.2,-0.10,-0.89,0,0,0
DNC,03/11/2010,11.2,11.2,11.2,11.2,600,11.70,10.30,11.0,0.20,1.82,0,0,0
DNC,03/10/2010,11.5,11.5,10.9,11.0,11000,12.50,10.90,11.7,-0.70,-5.98,0,0,0
DNC,03/09/2010,11.7,11.7,11.7,11.7,300,13.30,11.70,12.5,-0.80,-6.40,0,0,0
DNC,03/08/2010,0.0,0.0,0.0,12.5,0,13.30,11.70,12.5,0.00,0.00,0,0,0
DNC,03/05/2010,12.5,12.5,12.5,12.5,500,13.60,12.00,12.8,-0.30,-2.34,0,0,0
DNC,03/04/2010,0.0,0.0,0.0,12.8,0,13.60,12.00,12.8,0.00,0.00,0,0,0
DNC,03/03/2010,0.0,0.0,0.0,12.8,0,13.60,12.00,12.8,0.00,0.00,0,0,0
DNC,03/02/2010,0.0,0.0,0.0,12.8,0,13.60,12.00,12.8,0.00,0.00,0,0,0
DNC,03/01/2010,0.0,0.0,0.0,12.8,0,13.60,12.00,12.8,0.00,0.00,0,0,0
DNC,02/26/2010,0.0,0.0,0.0,12.8,0,13.60,12.00,12.8,0.00,0.00,0,0,0
DNC,02/25/2010,0.0,0.0,0.0,12.8,0,13.60,12.00,12.8,0.00,0.00,0,0,0
DNC,02/24/2010,0.0,0.0,0.0,12.8,0,13.60,12.00,12.8,0.00,0.00,0,0,0
DNC,02/23/2010,0.0,0.0,0.0,12.8,0,13.60,12.00,12.8,0.00,0.00,0,0,0
DNC,02/22/2010,0.0,0.0,0.0,12.8,0,13.60,12.00,12.8,0.00,0.00,0,0,0
DNC,02/12/2010,11.8,13.3,11.8,12.8,300,13.40,11.80,12.6,0.20,1.59,0,0,0
DNC,02/11/2010,12.6,12.6,12.6,12.6,700,12.60,11.00,11.8,0.80,6.78,0,0,0
DNC,02/10/2010,11.8,11.8,11.8,11.8,100,11.80,10.40,11.1,0.70,6.31,0,0,0
DNC,02/09/2010,11.1,11.1,11.1,11.1,6100,12.60,11.00,11.8,-0.70,-5.93,0,0,0
DNC,02/08/2010,11.8,11.9,11.8,11.8,1400,13.40,11.80,12.6,-0.80,-6.35,0,0,0
DNC,02/05/2010,0.0,0.0,0.0,12.6,0,13.40,11.80,12.6,0.00,0.00,0,0,0
DNC,02/04/2010,0.0,0.0,0.0,12.6,0,13.40,11.80,12.6,0.00,0.00,0,0,0
DNC,02/03/2010,12.6,12.6,12.6,12.6,500,14.40,12.60,13.5,-0.90,-6.67,0,0,0
DNC,02/02/2010,13.5,13.6,13.5,13.5,2000,15.50,13.50,14.5,-1.00,-6.90,0,0,0
DNC,02/01/2010,0.0,0.0,0.0,14.5,0,15.50,13.50,14.5,0.00,0.00,0,0,0
DNC,01/29/2010,14.5,14.5,14.5,14.5,100,14.70,12.90,13.8,0.70,5.07,0,0,0
DNC,01/28/2010,0.0,0.0,0.0,13.8,0,14.70,12.90,13.8,0.00,0.00,0,0,0
DNC,01/27/2010,13.8,13.8,13.8,13.8,1800,15.80,13.80,14.8,-1.00,-6.76,0,0,0
DNC,01/26/2010,14.8,14.8,14.8,14.8,300,14.90,13.10,14.0,0.80,5.71,0,0,0
DNC,01/25/2010,0.0,0.0,0.0,14.0,0,14.90,13.10,14.0,0.00,0.00,0,0,0
DNC,01/22/2010,13.6,14.3,13.6,14.0,200,14.30,12.50,13.4,0.60,4.48,0,0,0
DNC,01/21/2010,0.0,0.0,0.0,13.4,0,14.30,12.50,13.4,0.00,0.00,0,0,0
DNC,01/20/2010,13.5,13.5,13.3,13.4,1700,14.10,12.30,13.2,0.20,1.52,0,0,0
DNC,01/19/2010,0.0,0.0,0.0,13.2,0,14.10,12.30,13.2,0.00,0.00,0,0,0
DNC,01/18/2010,13.2,13.5,13.2,13.2,1500,15.00,13.20,14.1,-0.90,-6.38,0,0,0
DNC,01/15/2010,14.1,14.2,14.1,14.1,900,16.00,14.00,15.0,-0.90,-6.00,0,0,0
DNC,01/14/2010,15.0,15.0,15.0,15.0,1000,17.10,14.90,16.0,-1.00,-6.25,0,0,0
DNC,01/13/2010,16.0,16.0,16.0,16.0,700,16.20,14.20,15.2,0.80,5.26,0,0,0
DNC,01/12/2010,15.5,15.5,15.0,15.2,900,15.50,13.50,14.5,0.70,4.83,0,0,0
DNC,01/11/2010,14.5,14.5,14.5,14.5,200,16.30,14.30,15.3,-0.80,-5.23,0,0,0
DNC,01/08/2010,15.2,16.0,15.2,15.3,24300,17.40,15.20,16.3,-1.00,-6.13,0,0,0
DNC,01/07/2010,0.0,0.0,0.0,16.3,0,17.40,15.20,16.3,0.00,0.00,0,0,0
DNC,01/06/2010,18.0,18.0,15.9,16.3,3200,18.10,15.90,17.0,-0.70,-4.12,0,0,0
DNC,01/05/2010,18.1,18.1,16.9,17.0,11500,19.30,16.90,18.1,-1.10,-6.08,0,0,0
DNC,01/04/2010,18.1,18.1,18.1,18.1,1000,20.50,17.90,19.2,-1.10,-5.73,0,0,0
DNC,12/31/2009,19.2,19.2,19.0,19.2,900,20.30,17.70,19.0,0.20,1.05,0,0,0
DNC,12/30/2009,0.0,0.0,0.0,19.0,0,20.30,17.70,19.0,0.00,0.00,0,0,0
DNC,12/29/2009,0.0,0.0,0.0,19.0,0,20.30,17.70,19.0,0.00,0.00,0,0,0
DNC,12/28/2009,0.0,0.0,0.0,19.0,0,20.30,17.70,19.0,0.00,0.00,0,0,0
DNC,12/25/2009,19.0,19.0,19.0,19.0,1500,20.30,17.70,19.0,0.00,0.00,0,0,0
DNC,12/24/2009,19.6,19.6,18.3,19.0,1000,20.90,18.30,19.6,-0.60,-3.06,0,0,0
DNC,12/23/2009,19.6,19.8,19.6,19.6,2600,0.00,0.00,0.0,19.60,0.00,0,0,0
