MaCK,Ngay,GiaMoCua,GiaCaoNhat,GiaThapNhat,GiaDongCua,KhoiLuongGD,GiaTran,GiaSan,GiaThamChieu,TangGiam,%,GDThoaThuan,NNMua,NNBan
DVD,08/06/2010,114.0,117.0,110.0,117.0,229470,117.00,107.00,112.0,5.00,4.46,0,0,500
DVD,08/05/2010,117.0,117.0,112.0,112.0,129800,122.00,112.00,117.0,-5.00,-4.27,500000,860,0
DVD,08/04/2010,117.0,117.0,116.0,117.0,89720,122.00,112.00,117.0,0.00,0.00,0,0,0
DVD,08/03/2010,0.0,117.0,116.0,117.0,21260,122.00,112.00,117.0,0.00,0.00,0,0,0
DVD,08/02/2010,0.0,117.0,116.0,117.0,44770,121.00,111.00,116.0,1.00,0.86,0,0,0
DVD,07/30/2010,117.0,119.0,116.0,116.0,124700,122.00,112.00,117.0,-1.00,-0.85,0,0,0
DVD,07/29/2010,0.0,119.0,117.0,117.0,102430,124.00,114.00,119.0,-2.00,-1.68,0,0,0
DVD,07/28/2010,119.0,120.0,117.0,119.0,96010,124.00,114.00,119.0,0.00,0.00,0,0,0
DVD,07/27/2010,0.0,119.0,117.0,119.0,105980,124.00,114.00,119.0,0.00,0.00,0,0,0
DVD,07/26/2010,0.0,121.0,115.0,119.0,90150,122.00,112.00,117.0,2.00,1.71,0,0,0
DVD,07/23/2010,0.0,118.0,117.0,117.0,1000,127.00,115.00,121.0,-4.00,-3.31,0,0,0
DVD,07/22/2010,121.0,122.0,118.0,121.0,68460,128.00,116.00,122.0,-1.00,-0.82,0,500,0
DVD,07/21/2010,0.0,124.0,122.0,122.0,16400,129.00,117.00,123.0,-1.00,-0.81,0,0,0
DVD,07/20/2010,124.0,124.0,122.0,123.0,22770,130.00,118.00,124.0,-1.00,-0.81,0,0,0
DVD,07/19/2010,0.0,124.0,122.0,124.0,55460,129.00,117.00,123.0,1.00,0.81,0,0,0
DVD,07/16/2010,122.0,123.0,122.0,123.0,107970,128.00,116.00,122.0,1.00,0.82,0,1300,0
DVD,07/15/2010,121.0,124.0,121.0,122.0,136350,128.00,116.00,122.0,0.00,0.00,0,0,0
DVD,07/14/2010,120.0,123.0,120.0,122.0,187970,123.00,113.00,118.0,4.00,3.39,0,0,500
DVD,07/13/2010,124.0,124.0,118.0,118.0,120100,130.00,118.00,124.0,-6.00,-4.84,0,500,0
DVD,07/12/2010,0.0,126.0,121.0,124.0,50840,131.00,119.00,125.0,-1.00,-0.80,0,0,0
DVD,07/09/2010,129.0,129.0,125.0,125.0,14500,137.00,125.00,131.0,-6.00,-4.58,0,0,0
DVD,07/08/2010,0.0,131.0,131.0,131.0,40,137.00,125.00,131.0,0.00,0.00,0,0,0
DVD,07/07/2010,0.0,131.0,131.0,131.0,100,139.00,127.00,133.0,-2.00,-1.50,0,0,0
DVD,07/06/2010,135.0,135.0,133.0,133.0,23100,142.00,130.00,136.0,-3.00,-2.21,0,0,0
DVD,07/05/2010,0.0,138.0,136.0,136.0,13000,144.00,132.00,138.0,-2.00,-1.45,0,0,0
DVD,07/02/2010,0.0,139.0,138.0,138.0,4000,145.00,133.00,139.0,-1.00,-0.72,0,0,0
DVD,07/01/2010,0.0,139.0,137.0,139.0,9800,144.00,132.00,138.0,1.00,0.72,0,0,0
DVD,06/30/2010,0.0,138.0,137.0,138.0,8000,143.00,131.00,137.0,1.00,0.73,0,0,0
DVD,06/29/2010,0.0,137.0,135.0,137.0,9300,139.00,127.00,133.0,4.00,3.01,0,800,0
DVD,06/28/2010,135.0,137.0,133.0,133.0,33500,141.00,129.00,135.0,-2.00,-1.48,0,0,0
DVD,06/25/2010,0.0,135.0,132.0,135.0,16000,138.00,126.00,132.0,3.00,2.27,0,0,0
DVD,06/24/2010,0.0,132.0,129.0,132.0,23200,137.00,125.00,131.0,1.00,0.76,0,0,1000
DVD,06/23/2010,130.0,131.0,129.0,131.0,108000,136.00,124.00,130.0,1.00,0.77,0,50,0
DVD,06/22/2010,0.0,132.0,128.0,130.0,189210,135.00,123.00,129.0,1.00,0.78,0,0,1000
DVD,06/21/2010,128.0,129.0,128.0,129.0,2530,138.00,126.00,132.0,-3.00,-2.27,0,0,0
DVD,06/18/2010,135.0,135.0,132.0,132.0,3800,141.00,129.00,135.0,-3.00,-2.22,0,0,0
DVD,06/17/2010,138.0,138.0,135.0,135.0,5500,145.00,133.00,139.0,-4.00,-2.88,0,0,1000
DVD,06/16/2010,0.0,139.0,137.0,139.0,4000,145.00,133.00,139.0,0.00,0.00,0,0,0
DVD,06/15/2010,138.0,139.0,137.0,139.0,3780,144.00,132.00,138.0,1.00,0.72,0,0,0
DVD,06/14/2010,0.0,138.0,135.0,138.0,5140,141.00,129.00,135.0,3.00,2.22,0,0,0
DVD,06/11/2010,135.0,139.0,135.0,135.0,32600,145.00,133.00,139.0,-4.00,-2.88,0,0,0
DVD,06/10/2010,135.0,139.0,135.0,139.0,94840,142.00,130.00,136.0,3.00,2.21,0,0,0
DVD,06/09/2010,136.0,137.0,135.0,136.0,26910,142.00,130.00,136.0,0.00,0.00,0,0,0
DVD,06/08/2010,144.0,144.0,135.0,136.0,34840,147.00,133.00,140.0,-4.00,-2.86,0,300,1000
DVD,06/07/2010,0.0,142.0,137.0,140.0,15900,151.00,137.00,144.0,-4.00,-2.78,0,0,0
DVD,06/04/2010,140.0,144.0,139.0,144.0,50290,148.00,134.00,141.0,3.00,2.13,0,0,0
DVD,06/03/2010,139.0,142.0,139.0,141.0,4710,142.00,130.00,136.0,5.00,3.68,0,200,0
DVD,06/02/2010,132.0,136.0,132.0,136.0,2850,142.00,130.00,136.0,0.00,0.00,0,0,0
DVD,06/01/2010,138.0,138.0,136.0,136.0,5170,143.00,131.00,137.0,-1.00,-0.73,0,0,0
DVD,05/31/2010,0.0,139.0,137.0,137.0,2280,151.00,137.00,144.0,-7.00,-4.86,0,0,0
DVD,05/28/2010,143.0,147.0,143.0,144.0,53880,147.00,133.00,140.0,4.00,2.86,0,4000,0
DVD,05/27/2010,0.0,142.0,136.0,140.0,63860,142.00,130.00,136.0,4.00,2.94,0,760,0
DVD,05/26/2010,0.0,136.0,131.0,136.0,3950,136.00,124.00,130.0,6.00,4.62,0,850,0
DVD,05/25/2010,0.0,130.0,130.0,130.0,3420,130.00,118.00,124.0,6.00,4.84,0,50,0
DVD,05/24/2010,124.0,124.0,123.0,124.0,3860,124.00,114.00,119.0,5.00,4.20,0,0,0
DVD,05/21/2010,119.0,119.0,118.0,119.0,21000,124.00,114.00,119.0,0.00,0.00,0,0,1400
DVD,05/20/2010,120.0,120.0,117.0,119.0,17930,126.00,114.00,120.0,-1.00,-0.83,0,350,16690
DVD,05/19/2010,119.0,121.0,118.0,120.0,44930,124.00,114.00,119.0,1.00,0.84,0,0,0
DVD,05/18/2010,120.0,122.0,119.0,119.0,54780,127.00,115.00,121.0,-2.00,-1.65,0,300,0
DVD,05/17/2010,123.0,124.0,121.0,121.0,128260,130.00,118.00,124.0,-3.00,-2.42,0,0,0
DVD,05/14/2010,127.0,127.0,124.0,124.0,30820,133.00,121.00,127.0,-3.00,-2.36,0,2000,0
DVD,05/13/2010,0.0,129.0,127.0,127.0,20500,135.00,123.00,129.0,-2.00,-1.55,0,100,0
DVD,05/12/2010,0.0,136.0,129.0,129.0,3480,138.00,126.00,132.0,-3.00,-2.27,0,250,0
DVD,05/11/2010,127.0,132.0,127.0,132.0,130520,134.00,122.00,128.0,4.00,3.13,0,0,1500
DVD,05/10/2010,127.0,132.0,126.0,128.0,208030,132.00,120.00,126.0,2.00,1.59,0,0,0
DVD,05/07/2010,128.0,130.0,126.0,126.0,122710,134.00,122.00,128.0,-2.00,-1.56,0,0,150
DVD,05/06/2010,0.0,133.0,128.0,128.0,53530,139.00,127.00,133.0,-5.00,-3.76,0,0,0
DVD,05/05/2010,0.0,136.0,132.0,133.0,51020,138.00,126.00,132.0,1.00,0.76,0,0,0
DVD,05/04/2010,132.0,134.0,130.0,132.0,50020,138.00,126.00,132.0,0.00,0.00,0,0,0
DVD,04/29/2010,134.0,135.0,132.0,132.0,36210,140.00,128.00,134.0,-2.00,-1.49,0,0,2500
DVD,04/28/2010,137.0,137.0,134.0,134.0,17980,143.00,131.00,137.0,-3.00,-2.19,0,0,0
DVD,04/27/2010,138.0,138.0,137.0,137.0,11130,147.00,133.00,140.0,-3.00,-2.14,0,0,5820
DVD,04/26/2010,139.0,140.0,138.0,140.0,52700,145.00,133.00,139.0,1.00,0.72,0,40450,20000
DVD,04/22/2010,139.0,139.0,135.0,139.0,23800,143.00,131.00,137.0,2.00,1.46,0,0,2000
DVD,04/21/2010,0.0,140.0,137.0,137.0,7060,144.00,132.00,138.0,-1.00,-0.72,0,0,1500
DVD,04/20/2010,140.0,140.0,138.0,138.0,12710,147.00,133.00,140.0,-2.00,-1.43,0,0,0
DVD,04/19/2010,140.0,140.0,136.0,140.0,302000,147.00,133.00,140.0,0.00,0.00,0,0,0
DVD,04/16/2010,141.0,141.0,139.0,140.0,269550,148.00,134.00,141.0,-1.00,-0.71,0,400,0
DVD,04/15/2010,141.0,141.0,140.0,141.0,33150,148.00,134.00,141.0,0.00,0.00,0,0,0
DVD,04/14/2010,140.0,141.0,138.0,141.0,264510,147.00,133.00,140.0,1.00,0.71,0,5820,0
DVD,04/13/2010,139.0,145.0,138.0,140.0,318850,145.00,133.00,139.0,1.00,0.72,0,0,0
DVD,04/12/2010,137.0,139.0,136.0,139.0,17280,145.00,133.00,139.0,0.00,0.00,0,0,0
DVD,04/09/2010,136.0,139.0,136.0,139.0,17330,145.00,133.00,139.0,0.00,0.00,0,0,0
DVD,04/08/2010,140.0,141.0,139.0,139.0,13810,147.00,133.00,140.0,-1.00,-0.71,0,0,0
DVD,04/07/2010,140.0,140.0,134.0,140.0,101050,147.00,133.00,140.0,0.00,0.00,0,1100,14000
DVD,04/06/2010,135.0,140.0,133.0,140.0,30110,147.00,133.00,140.0,0.00,0.00,0,0,1000
DVD,04/05/2010,139.0,140.0,138.0,140.0,40250,145.00,133.00,139.0,1.00,0.72,0,1500,0
DVD,04/02/2010,0.0,140.0,138.0,139.0,29300,144.00,132.00,138.0,1.00,0.72,0,0,0
DVD,04/01/2010,135.0,138.0,133.0,138.0,60730,147.00,133.00,140.0,-2.00,-1.43,0,0,6160
DVD,03/31/2010,137.0,140.0,133.0,140.0,49840,140.00,128.00,134.0,6.00,4.48,0,0,0
DVD,03/30/2010,140.0,140.0,131.0,134.0,41000,140.00,128.00,134.0,0.00,0.00,0,15500,0
DVD,03/29/2010,128.0,134.0,128.0,134.0,63570,134.00,122.00,128.0,6.00,4.69,0,0,2800
DVD,03/26/2010,127.0,128.0,124.0,128.0,18300,134.00,122.00,128.0,0.00,0.00,0,1500,110
DVD,03/25/2010,132.0,132.0,125.0,128.0,51270,134.00,122.00,128.0,0.00,0.00,0,0,5000
DVD,03/24/2010,130.0,130.0,125.0,128.0,52740,131.00,119.00,125.0,3.00,2.40,0,6160,4230
DVD,03/23/2010,126.0,126.0,124.0,125.0,20400,131.00,119.00,125.0,0.00,0.00,0,0,8860
DVD,03/22/2010,123.0,125.0,121.0,125.0,63050,126.00,114.00,120.0,5.00,4.17,0,0,23730
DVD,03/19/2010,121.0,121.0,120.0,120.0,9050,127.00,115.00,121.0,-1.00,-0.83,0,0,0
DVD,03/18/2010,122.0,122.0,120.0,121.0,31250,126.00,114.00,120.0,1.00,0.83,0,20000,6010
DVD,03/17/2010,122.0,122.0,118.0,120.0,180520,124.00,114.00,119.0,1.00,0.84,0,0,7000
DVD,03/16/2010,0.0,120.0,111.0,119.0,293490,120.00,110.00,115.0,4.00,3.48,0,0,22990
DVD,03/15/2010,0.0,116.0,115.0,115.0,39240,122.00,112.00,117.0,-2.00,-1.71,0,25000,5000
DVD,03/12/2010,118.0,118.0,117.0,117.0,13760,122.00,112.00,117.0,0.00,0.00,0,0,0
DVD,03/11/2010,118.0,118.0,116.0,117.0,47500,122.00,112.00,117.0,0.00,0.00,0,200,0
DVD,03/10/2010,0.0,117.0,111.0,117.0,78500,119.00,109.00,114.0,3.00,2.63,0,5000,0
DVD,03/09/2010,113.0,114.0,112.0,114.0,140720,117.00,107.00,112.0,2.00,1.79,0,0,4700
DVD,03/08/2010,0.0,113.0,110.0,112.0,17910,113.00,103.00,108.0,4.00,3.70,0,0,4610
DVD,03/05/2010,111.0,111.0,107.0,108.0,71800,113.00,103.00,108.0,0.00,0.00,0,23990,3680
DVD,03/04/2010,111.0,111.0,107.0,108.0,244300,111.00,101.00,106.0,2.00,1.89,0,0,10010
DVD,03/03/2010,105.0,106.0,105.0,106.0,112190,106.00,96.00,101.0,5.00,4.95,0,38000,6620
DVD,03/02/2010,99.5,101.0,99.5,101.0,170530,101.00,92.50,97.0,4.00,4.12,0,0,15000
DVD,03/01/2010,96.0,97.0,96.0,97.0,164980,100.00,91.50,96.0,1.00,1.04,0,2000,5000
DVD,02/26/2010,95.0,96.0,94.0,96.0,188060,99.50,90.50,95.0,1.00,1.05,0,0,21380
DVD,02/25/2010,95.0,95.5,94.0,95.0,124230,98.50,89.50,94.0,1.00,1.06,0,20000,7000
DVD,02/24/2010,92.5,94.0,92.0,94.0,61230,95.00,86.00,90.5,3.50,3.87,0,230,0
DVD,02/23/2010,91.0,94.5,90.5,90.5,37280,99.50,90.50,95.0,-4.50,-4.74,0,0,0
DVD,02/22/2010,95.0,95.0,94.0,95.0,11300,99.50,90.50,95.0,0.00,0.00,0,0,0
DVD,02/12/2010,91.5,95.0,91.5,95.0,41340,99.00,90.00,94.5,0.50,0.53,0,20,0
DVD,02/11/2010,92.5,94.5,90.0,94.5,74830,95.00,86.00,90.5,4.00,4.42,0,300,0
DVD,02/10/2010,90.0,90.5,90.0,90.5,34650,90.50,82.50,86.5,4.00,4.62,0,0,80
DVD,02/09/2010,87.0,88.0,86.0,86.5,50960,88.50,80.50,84.5,2.00,2.37,0,0,70
DVD,02/08/2010,86.0,88.5,84.5,84.5,5240,90.00,82.00,86.0,-1.50,-1.74,0,0,0
DVD,02/05/2010,88.5,88.5,85.0,86.0,42210,90.50,82.50,86.5,-0.50,-0.58,0,0,3000
DVD,02/04/2010,90.0,90.0,86.5,86.5,38520,95.50,86.50,91.0,-4.50,-4.95,0,0,0
DVD,02/03/2010,0.0,91.5,90.5,91.0,16470,96.50,87.50,92.0,-1.00,-1.09,0,0,0
DVD,02/02/2010,90.5,92.0,90.0,92.0,22900,96.50,87.50,92.0,0.00,0.00,0,0,0
DVD,02/01/2010,93.0,93.0,91.0,92.0,24760,96.00,87.00,91.5,0.50,0.55,50000,0,0
DVD,01/29/2010,0.0,91.5,89.0,91.5,37030,93.00,85.00,89.0,2.50,2.81,0,0,0
DVD,01/28/2010,93.0,93.0,89.0,89.0,11500,97.50,88.50,93.0,-4.00,-4.30,0,5000,0
DVD,01/27/2010,0.0,93.0,90.0,93.0,55920,97.50,88.50,93.0,0.00,0.00,0,0,0
DVD,01/26/2010,0.0,93.0,92.0,93.0,85200,96.50,87.50,92.0,1.00,1.09,0,0,0
DVD,01/25/2010,0.0,92.0,91.0,92.0,105090,95.50,86.50,91.0,1.00,1.10,0,0,40000
DVD,01/22/2010,0.0,91.0,89.0,91.0,120600,94.50,85.50,90.0,1.00,1.11,0,0,0
DVD,01/21/2010,88.0,90.0,88.0,90.0,24610,96.50,87.50,92.0,-2.00,-2.17,0,150,0
DVD,01/20/2010,0.0,92.0,89.5,92.0,112420,97.50,88.50,93.0,-1.00,-1.08,0,0,0
DVD,01/19/2010,91.0,93.0,89.0,93.0,53270,95.50,86.50,91.0,2.00,2.20,0,0,0
DVD,01/18/2010,91.0,92.0,90.0,91.0,129280,95.50,86.50,91.0,0.00,0.00,0,0,0
DVD,01/15/2010,95.5,95.5,91.0,91.0,32320,100.00,91.00,95.5,-4.50,-4.71,0,0,0
DVD,01/14/2010,96.0,96.0,94.0,95.5,53800,98.00,89.00,93.5,2.00,2.14,0,200,0
DVD,01/13/2010,88.0,93.5,88.0,93.5,256110,93.50,85.50,89.5,4.00,4.47,0,0,0
DVD,01/12/2010,96.5,96.5,89.5,89.5,94270,98.50,89.50,94.0,-4.50,-4.79,0,0,0
DVD,01/11/2010,94.0,94.5,92.5,94.0,368300,94.50,85.50,90.0,4.00,4.44,0,0,0
DVD,01/08/2010,96.0,96.0,91.0,92.5,351040,98.00,89.00,93.5,-1.00,-1.07,0,0,0
DVD,01/07/2010,94.0,94.5,93.0,93.5,168470,94.50,85.50,90.0,3.50,3.89,0,0,0
DVD,01/06/2010,88.0,90.0,86.0,90.0,138880,90.00,82.00,86.0,4.00,4.65,0,0,0
DVD,01/05/2010,82.5,86.0,82.0,86.0,297110,86.00,78.00,82.0,4.00,4.88,0,5000,55820
DVD,01/04/2010,83.0,83.5,81.0,82.0,183180,85.00,77.00,81.0,1.00,1.23,0,5000,0
DVD,12/31/2009,82.0,82.5,81.0,81.0,226540,85.50,77.50,81.5,-0.50,-0.61,0,0,20000
DVD,12/30/2009,82.5,82.5,81.5,81.5,129990,85.00,77.00,81.0,0.50,0.62,0,0,0
DVD,12/29/2009,82.0,82.0,80.0,81.0,142870,84.50,76.50,80.5,0.50,0.62,0,0,8000
DVD,12/28/2009,74.0,80.5,73.5,80.5,526900,80.50,73.50,77.0,3.50,4.55,240000,2400,90000
DVD,12/25/2009,77.5,77.5,76.5,77.0,206240,78.00,71.00,74.5,2.50,3.36,0,2710,20000
DVD,12/24/2009,68.5,74.5,67.5,74.5,530570,74.50,67.50,71.0,3.50,4.93,137490,0,50000
DVD,12/23/2009,74.0,74.0,70.5,71.0,126090,77.50,70.50,74.0,-3.00,-4.05,0,0,0
DVD,12/22/2009,68.0,77.0,68.0,74.0,120650,102.00,68.00,0.0,74.00,0.00,0,0,0
