MaCK,Ngay,GiaMoCua,GiaCaoNhat,GiaThapNhat,GiaDongCua,KhoiLuongGD,GiaTran,GiaSan,GiaThamChieu,TangGiam,%,GDThoaThuan,NNMua,NNBan
FDC,08/09/2010,39.4,40.0,39.3,39.3,308590,43.30,39.30,41.3,-2.00,-4.84,0,0,0
FDC,08/06/2010,41.5,42.9,41.3,41.3,573900,45.50,41.30,43.4,-2.10,-4.84,74600,0,0
FDC,08/05/2010,43.4,45.6,43.4,43.4,448690,47.80,43.40,45.6,-2.20,-4.82,210000,0,0
FDC,08/04/2010,46.6,47.9,45.6,45.6,496170,50.00,45.60,47.9,-2.30,-4.80,0,0,0
FDC,08/03/2010,48.0,48.8,47.0,47.9,664140,50.00,45.60,48.0,-0.10,-0.21,45000,0,0
FDC,08/02/2010,49.8,49.8,48.0,48.0,423130,51.50,47.10,49.5,-1.50,-3.03,20000,0,0
FDC,07/30/2010,47.5,49.5,47.5,49.5,612450,49.80,45.20,47.5,2.00,4.21,0,0,10000
FDC,07/29/2010,47.5,48.1,46.6,47.5,465430,49.50,44.90,47.2,0.30,0.64,105000,0,0
FDC,07/28/2010,47.0,48.3,46.6,47.2,1632940,48.30,43.70,46.0,1.20,2.61,0,0,19230
FDC,07/27/2010,46.1,46.9,45.0,46.0,477050,48.40,43.80,46.1,-0.10,-0.22,30000,0,15000
FDC,07/26/2010,47.5,48.0,46.1,46.1,447680,49.80,45.20,47.5,-1.40,-2.95,88000,0,0
FDC,07/23/2010,47.9,48.0,46.0,47.5,592680,49.80,45.20,47.5,0.00,0.00,0,0,15000
FDC,07/22/2010,47.5,47.5,46.0,47.5,1037440,47.50,43.10,45.3,2.20,4.86,0,0,44400
FDC,07/21/2010,44.7,47.0,44.5,45.3,989190,47.00,42.60,44.8,0.50,1.12,0,0,45600
FDC,07/20/2010,45.1,46.0,44.5,44.8,524850,47.30,42.90,45.1,-0.30,-0.67,0,0,20000
FDC,07/19/2010,45.0,45.1,44.5,45.1,913770,45.10,40.90,43.0,2.10,4.88,20000,0,30000
FDC,07/16/2010,41.0,43.0,41.0,43.0,694990,43.00,39.00,41.0,2.00,4.88,100000,0,24000
FDC,07/15/2010,40.9,41.2,39.5,41.0,708610,43.20,39.20,41.2,-0.20,-0.49,20000,0,40000
FDC,07/14/2010,42.3,42.3,40.0,41.2,692760,44.10,39.90,42.0,-0.80,-1.90,0,0,27980
FDC,07/13/2010,41.0,42.1,40.7,42.0,815350,42.10,38.10,40.1,1.90,4.74,100000,2000,80000
FDC,07/12/2010,39.5,40.3,39.0,40.1,533000,40.90,37.10,39.0,1.10,2.82,0,0,0
FDC,07/09/2010,38.1,39.3,38.0,39.0,527270,40.10,36.30,38.2,0.80,2.09,0,0,0
FDC,07/08/2010,37.6,39.4,36.0,38.2,1129350,39.40,35.80,37.6,0.60,1.60,0,0,0
FDC,07/07/2010,39.5,39.5,37.6,37.6,665670,41.40,37.60,39.5,-1.90,-4.81,0,0,0
FDC,07/06/2010,41.0,41.0,39.5,39.5,540440,43.50,39.50,41.5,-2.00,-4.82,0,0,0
FDC,07/05/2010,40.8,41.8,40.0,41.5,536450,41.80,38.00,39.9,1.60,4.01,0,0,0
FDC,07/02/2010,37.5,39.9,37.0,39.9,1140390,39.90,36.10,38.0,1.90,5.00,0,0,10000
FDC,07/01/2010,38.8,38.8,36.9,38.0,896810,40.70,36.90,38.8,-0.80,-2.06,0,0,4020
FDC,06/30/2010,37.5,39.5,37.5,38.8,899070,40.40,36.60,38.5,0.30,0.78,0,0,10000
FDC,06/29/2010,38.5,38.5,38.4,38.5,855930,38.50,34.90,36.7,1.80,4.90,0,0,15000
FDC,06/28/2010,36.7,36.7,36.7,36.7,832610,36.70,33.30,35.0,1.70,4.86,0,0,0
FDC,06/25/2010,34.0,35.0,34.0,35.0,1273640,35.00,31.80,33.4,1.60,4.79,0,0,0
FDC,06/24/2010,32.0,33.4,31.8,33.4,645130,33.40,30.40,31.9,1.50,4.70,0,0,47160
FDC,06/23/2010,31.5,31.9,31.3,31.9,137360,33.20,30.20,31.7,0.20,0.63,0,0,5460
FDC,06/22/2010,32.1,32.9,31.7,31.7,154970,34.10,30.90,32.5,-0.80,-2.46,0,0,25000
FDC,06/21/2010,33.2,33.2,32.2,32.5,81450,34.20,31.00,32.6,-0.10,-0.31,0,0,20000
FDC,06/18/2010,33.9,33.9,32.6,32.6,470490,34.20,31.00,32.6,0.00,0.00,0,0,50000
FDC,06/17/2010,32.6,32.6,32.6,32.6,147990,32.60,29.60,31.1,1.50,4.82,0,0,0
FDC,06/16/2010,30.2,31.1,30.1,31.1,219310,31.10,28.30,29.7,1.40,4.71,0,0,0
FDC,06/15/2010,0.0,29.8,29.5,29.7,27390,31.10,28.30,29.7,0.00,0.00,0,0,0
FDC,06/14/2010,30.2,30.4,29.7,29.7,20260,31.00,28.20,29.6,0.10,0.34,0,0,0
FDC,06/11/2010,30.2,31.0,29.6,29.6,94340,31.50,28.50,30.0,-0.40,-1.33,0,0,0
FDC,06/10/2010,0.0,30.0,29.5,30.0,52570,31.50,28.50,30.0,0.00,0.00,0,0,0
FDC,06/09/2010,30.0,30.2,29.7,30.0,93330,31.50,28.50,30.0,0.00,0.00,0,0,0
FDC,06/08/2010,29.2,30.0,29.2,30.0,10920,31.00,28.20,29.6,0.40,1.35,0,0,0
FDC,06/07/2010,30.0,30.5,29.6,29.6,69630,32.50,29.50,31.0,-1.40,-4.52,0,0,0
FDC,06/04/2010,32.0,32.0,30.5,31.0,10650,32.70,29.70,31.2,-0.20,-0.64,34100,0,0
FDC,06/03/2010,32.0,32.0,31.2,31.2,113850,32.70,29.70,31.2,0.00,0.00,0,0,0
FDC,06/02/2010,31.1,31.2,30.1,31.2,28230,32.60,29.60,31.1,0.10,0.32,0,0,0
FDC,06/01/2010,0.0,31.9,30.0,31.1,15550,32.60,29.60,31.1,0.00,0.00,0,0,0
FDC,05/31/2010,31.6,32.5,31.1,31.1,13420,34.10,30.90,32.5,-1.40,-4.31,0,0,0
FDC,05/28/2010,32.5,32.5,32.0,32.5,63620,33.40,30.40,31.9,0.60,1.88,0,0,0
FDC,05/27/2010,31.2,32.1,31.0,31.9,4140,33.20,30.20,31.7,0.20,0.63,0,0,0
FDC,05/26/2010,31.9,31.9,31.2,31.7,97140,32.70,29.70,31.2,0.50,1.60,0,0,0
FDC,05/25/2010,30.8,31.5,30.7,31.2,113270,32.30,29.30,30.8,0.40,1.30,0,0,0
FDC,05/24/2010,30.8,30.8,29.1,30.8,24590,31.10,28.30,29.7,1.10,3.70,0,0,0
FDC,05/21/2010,29.7,31.9,29.7,29.7,83310,32.70,29.70,31.2,-1.50,-4.81,0,0,0
FDC,05/20/2010,28.5,31.2,28.5,31.2,128490,31.20,28.40,29.8,1.40,4.70,0,0,0
FDC,05/19/2010,0.0,31.0,29.8,29.8,101950,32.80,29.80,31.3,-1.50,-4.79,30000,0,0
FDC,05/18/2010,0.0,32.0,31.0,31.3,59870,33.20,30.20,31.7,-0.40,-1.26,0,0,0
FDC,05/17/2010,32.1,32.1,31.0,31.7,57950,33.70,30.50,32.1,-0.40,-1.25,20000,0,0
FDC,05/14/2010,32.0,33.0,32.0,32.1,60410,33.60,30.40,32.0,0.10,0.31,0,0,1100
FDC,05/13/2010,32.0,32.8,32.0,32.0,70280,33.90,30.70,32.3,-0.30,-0.93,0,0,5000
FDC,05/12/2010,33.5,33.5,32.3,32.3,227260,35.70,32.30,34.0,-1.70,-5.00,0,40,5000
FDC,05/11/2010,34.0,34.1,33.4,34.0,247980,35.50,32.30,33.9,0.10,0.29,0,0,56650
FDC,05/10/2010,34.3,35.0,33.8,33.9,121290,36.70,33.30,35.0,-1.10,-3.14,0,0,30360
FDC,05/07/2010,36.0,36.0,34.7,35.0,204880,38.30,34.70,36.5,-1.50,-4.11,190000,0,0
FDC,05/06/2010,36.8,37.2,36.3,36.5,201480,38.70,35.10,36.9,-0.40,-1.08,0,0,0
FDC,05/05/2010,36.0,38.1,34.6,36.9,500910,38.10,34.50,36.3,0.60,1.65,0,0,0
FDC,05/04/2010,36.3,36.3,36.3,36.3,41340,36.30,32.90,34.6,1.70,4.91,0,0,0
FDC,04/29/2010,33.2,34.6,33.2,34.6,424240,34.60,31.40,33.0,1.60,4.85,0,0,0
FDC,04/28/2010,0.0,33.0,32.8,33.0,156720,34.60,31.40,33.0,0.00,0.00,0,500,0
FDC,04/27/2010,34.2,34.2,33.0,33.0,66780,35.50,32.30,33.9,-0.90,-2.65,0,0,0
FDC,04/26/2010,34.0,34.7,33.3,33.9,178470,34.80,31.60,33.2,0.70,2.11,0,0,0
FDC,04/22/2010,36.6,37.5,36.3,36.5,210710,38.00,34.40,36.2,0.30,0.83,0,0,0
FDC,04/21/2010,35.2,36.5,35.2,36.2,225660,37.10,33.70,35.4,0.80,2.26,0,0,0
FDC,04/20/2010,0.0,35.8,35.4,35.4,45170,37.50,34.10,35.8,-0.40,-1.12,0,0,0
FDC,04/19/2010,35.8,35.9,35.5,35.8,119210,37.50,34.10,35.8,0.00,0.00,0,0,3000
FDC,04/16/2010,0.0,35.9,35.0,35.8,95370,37.20,33.80,35.5,0.30,0.85,0,0,0
FDC,04/15/2010,0.0,35.7,35.1,35.5,118600,37.20,33.80,35.5,0.00,0.00,0,0,0
FDC,04/14/2010,35.7,35.7,35.0,35.5,48310,36.60,33.20,34.9,0.60,1.72,0,0,0
FDC,04/13/2010,0.0,35.5,34.9,34.9,37670,36.90,33.50,35.2,-0.30,-0.85,200000,0,0
FDC,04/12/2010,36.8,36.8,35.2,35.2,21410,38.10,34.50,36.3,-1.10,-3.03,0,0,0
FDC,04/09/2010,35.0,36.3,35.0,36.3,270490,36.30,32.90,34.6,1.70,4.91,0,0,0
FDC,04/08/2010,0.0,35.3,34.3,34.6,47380,36.20,32.80,34.5,0.10,0.29,0,0,0
FDC,04/07/2010,34.4,34.6,34.2,34.5,54710,35.90,32.50,34.2,0.30,0.88,0,0,0
FDC,04/06/2010,34.9,34.9,34.2,34.2,91060,36.10,32.70,34.4,-0.20,-0.58,0,0,0
FDC,04/05/2010,35.9,35.9,34.0,34.4,22300,36.60,33.20,34.9,-0.50,-1.43,0,0,0
FDC,04/02/2010,35.2,35.2,33.8,34.9,78080,36.90,33.50,35.2,-0.30,-0.85,0,0,0
FDC,04/01/2010,34.6,35.5,34.6,35.2,34200,36.70,33.30,35.0,0.20,0.57,24000,0,0
FDC,03/31/2010,35.5,36.8,35.0,35.0,56110,37.20,33.80,35.5,-0.50,-1.41,0,0,140
FDC,03/30/2010,34.0,35.5,34.0,35.5,289690,35.50,32.30,33.9,1.60,4.72,0,3000,0
FDC,03/29/2010,33.8,34.5,33.0,33.9,122250,35.40,32.20,33.8,0.10,0.30,0,0,0
FDC,03/26/2010,33.7,33.9,32.5,33.8,67980,35.30,32.10,33.7,0.10,0.30,0,0,0
FDC,03/25/2010,34.0,34.3,33.7,33.7,22570,36.60,33.20,34.9,-1.20,-3.44,0,0,0
FDC,03/24/2010,34.9,34.9,34.1,34.9,99800,36.60,33.20,34.9,0.00,0.00,0,0,0
FDC,03/23/2010,35.4,35.5,34.5,34.9,29560,37.10,33.70,35.4,-0.50,-1.41,0,0,0
FDC,03/22/2010,35.4,36.0,35.4,35.4,40800,37.10,33.70,35.4,0.00,0.00,0,0,0
FDC,03/19/2010,0.0,35.5,35.4,35.4,40620,37.20,33.80,35.5,-0.10,-0.28,0,0,0
FDC,03/18/2010,35.5,36.0,35.2,35.5,129450,37.20,33.80,35.5,0.00,0.00,0,100,0
FDC,03/17/2010,35.8,36.0,35.2,35.5,29690,37.50,34.10,35.8,-0.30,-0.84,0,0,0
FDC,03/16/2010,0.0,37.4,35.8,35.8,44700,39.20,35.60,37.4,-1.60,-4.28,0,0,0
FDC,03/15/2010,36.2,38.0,36.2,37.4,92320,38.00,34.40,36.2,1.20,3.31,152901,0,0
FDC,03/12/2010,36.8,36.8,35.9,36.2,76930,38.00,34.40,36.2,0.00,0.00,0,0,0
FDC,03/11/2010,36.8,37.0,36.1,36.2,103310,38.60,35.00,36.8,-0.60,-1.63,0,0,0
FDC,03/10/2010,38.3,38.3,36.2,36.8,37410,39.10,35.50,37.3,-0.50,-1.34,0,140,0
FDC,03/09/2010,37.1,38.5,37.1,38.3,146390,39.90,36.10,38.0,0.30,0.79,0,0,0
FDC,03/08/2010,39.0,39.0,38.0,38.0,66420,40.30,36.50,38.4,-0.40,-1.04,0,0,0
FDC,03/05/2010,37.2,38.4,37.1,38.4,156750,39.30,35.70,37.5,0.90,2.40,0,0,0
FDC,03/04/2010,38.0,38.0,37.0,37.5,205800,38.60,35.00,36.8,0.70,1.90,0,0,0
FDC,03/03/2010,35.2,36.9,35.2,36.8,117460,36.90,33.50,35.2,1.60,4.55,35000,10000,0
FDC,03/02/2010,35.2,35.2,35.1,35.2,103050,35.20,32.00,33.6,1.60,4.76,0,0,0
FDC,03/01/2010,33.9,33.9,33.5,33.6,125950,35.50,32.30,33.9,-0.30,-0.88,40000,0,0
FDC,02/26/2010,0.0,33.9,33.7,33.9,54340,35.50,32.30,33.9,0.00,0.00,0,0,0
FDC,02/25/2010,34.7,34.7,33.3,33.9,79090,35.50,32.30,33.9,0.00,0.00,0,0,0
FDC,02/24/2010,33.9,33.9,33.2,33.9,4430,35.50,32.30,33.9,0.00,0.00,0,0,0
FDC,02/23/2010,33.9,34.2,33.6,33.9,24250,36.90,33.50,35.2,-1.30,-3.69,0,0,9990
FDC,02/22/2010,35.0,36.0,35.0,35.2,13270,37.60,34.20,35.9,-0.70,-1.95,0,0,10010
FDC,02/12/2010,36.0,36.5,35.8,35.9,86340,39.40,35.80,37.6,-1.70,-4.52,0,0,0
FDC,02/11/2010,37.9,37.9,36.2,37.6,37650,39.70,36.10,37.9,-0.30,-0.79,0,0,0
FDC,02/10/2010,38.3,38.3,37.9,37.9,14420,39.10,35.50,37.3,0.60,1.61,0,0,0
FDC,02/09/2010,37.9,37.9,37.2,37.3,40510,39.00,35.40,37.2,0.10,0.27,40000,0,0
FDC,02/08/2010,0.0,37.2,35.0,37.2,122400,37.20,33.80,35.5,1.70,4.79,0,0,0
FDC,02/05/2010,36.1,36.9,35.5,35.5,60150,38.80,35.20,37.0,-1.50,-4.05,0,0,0
FDC,02/04/2010,36.6,37.6,36.6,37.0,43180,38.50,34.90,36.7,0.30,0.82,0,0,0
FDC,02/03/2010,37.0,37.5,36.6,36.7,50720,39.30,35.70,37.5,-0.80,-2.13,0,0,0
FDC,02/02/2010,37.9,38.0,37.1,37.5,31840,39.70,36.10,37.9,-0.40,-1.06,0,0,0
FDC,02/01/2010,0.0,38.4,37.1,37.9,44890,39.70,36.10,37.9,0.00,0.00,0,0,0
FDC,01/29/2010,0.0,38.0,36.9,37.9,27590,39.90,36.10,38.0,-0.10,-0.26,0,0,0
FDC,01/28/2010,38.2,38.2,36.7,38.0,29910,39.30,35.70,37.5,0.50,1.33,0,0,0
FDC,01/27/2010,38.3,38.5,37.0,37.5,34300,40.20,36.40,38.3,-0.80,-2.09,0,0,0
FDC,01/26/2010,37.5,38.3,37.5,38.3,69060,38.30,34.70,36.5,1.80,4.93,0,20000,0
FDC,01/25/2010,35.3,37.0,35.0,36.5,32210,37.00,33.60,35.3,1.20,3.40,300000,0,0
FDC,01/22/2010,37.1,37.1,35.3,35.3,77630,38.90,35.30,37.1,-1.80,-4.85,0,0,0
FDC,01/21/2010,37.3,39.0,37.1,37.1,62170,40.90,37.10,39.0,-1.90,-4.87,0,0,0
FDC,01/20/2010,41.5,41.5,39.0,39.0,127610,43.00,39.00,41.0,-2.00,-4.88,0,0,0
FDC,01/19/2010,43.1,43.2,41.0,41.0,59540,45.20,41.00,43.1,-2.10,-4.87,25000,0,0
FDC,01/18/2010,47.0,47.0,41.0,43.1,318650,48.00,32.00,0.0,43.10,0.00,0,0,0
