MaCK,Ngay,GiaMoCua,GiaCaoNhat,GiaThapNhat,GiaDongCua,KhoiLuongGD,GiaTran,GiaSan,GiaThamChieu,TangGiam,%,GDThoaThuan,NNMua,NNBan
HPB,08/09/2010,31.8,31.8,30.1,30.1,72100,34.50,30.10,32.3,-2.20,-6.81,0,0,0
HPB,08/06/2010,34.0,34.0,31.6,32.3,96200,36.10,31.50,33.8,-1.50,-4.44,0,0,0
HPB,08/05/2010,34.2,35.0,33.3,33.8,85600,35.90,31.30,33.6,0.20,0.60,5000,0,0
HPB,08/04/2010,34.5,34.5,33.3,33.6,111400,37.80,33.00,35.4,-1.80,-5.08,5000,0,0
HPB,08/03/2010,36.4,36.9,34.8,35.4,58900,38.60,33.60,36.1,-0.70,-1.94,0,0,0
HPB,08/02/2010,37.5,37.5,35.7,36.1,42900,39.50,34.50,37.0,-0.90,-2.43,10000,0,0
HPB,07/30/2010,36.3,37.4,36.0,37.0,97600,38.40,33.40,35.9,1.10,3.06,0,0,0
HPB,07/29/2010,35.0,36.8,35.0,35.9,99200,37.70,32.90,35.3,0.60,1.70,5000,0,0
HPB,07/28/2010,36.6,36.6,35.0,35.3,125600,39.60,34.60,37.1,-1.80,-4.85,0,0,0
HPB,07/27/2010,37.7,38.0,36.6,37.1,101400,40.60,35.40,38.0,-0.90,-2.37,10000,0,0
HPB,07/26/2010,39.0,39.0,37.2,38.0,166700,41.80,36.40,39.1,-1.10,-2.81,0,0,0
HPB,07/23/2010,40.0,40.5,38.6,39.1,92800,42.20,36.80,39.5,-0.40,-1.01,0,0,0
HPB,07/22/2010,39.0,40.8,38.9,39.5,170400,41.60,36.20,38.9,0.60,1.54,0,0,0
HPB,07/21/2010,39.3,39.6,38.3,38.9,231300,43.90,38.30,41.1,-2.20,-5.35,10000,0,0
HPB,07/20/2010,43.2,43.5,40.3,41.1,153000,46.10,40.10,43.1,-2.00,-4.64,0,0,0
HPB,07/19/2010,40.7,43.5,40.7,43.1,180000,43.50,37.90,40.7,2.40,5.90,0,0,0
HPB,07/16/2010,40.0,42.0,39.8,40.7,267300,43.50,37.90,40.7,0.00,0.00,0,0,0
HPB,07/15/2010,43.9,43.9,39.9,40.7,323900,45.70,39.90,42.8,-2.10,-4.91,0,0,0
HPB,07/14/2010,45.0,45.0,42.0,42.8,379500,47.70,41.50,44.6,-1.80,-4.04,0,0,0
HPB,07/13/2010,45.0,45.9,43.7,44.6,222600,46.50,40.50,43.5,1.10,2.53,0,0,0
HPB,07/12/2010,43.3,45.8,43.3,43.5,404800,49.70,43.30,46.5,-3.00,-6.45,0,0,0
HPB,07/09/2010,49.6,49.6,46.3,46.5,94800,53.10,46.30,49.7,-3.20,-6.44,0,0,0
HPB,07/08/2010,50.1,50.1,48.0,49.7,277100,50.10,43.70,46.9,2.80,5.97,0,0,0
HPB,07/07/2010,47.1,47.1,45.9,46.9,310700,47.10,41.10,44.1,2.80,6.35,0,1500,0
HPB,07/06/2010,44.1,44.1,44.0,44.1,545300,44.10,38.50,41.3,2.80,6.78,0,0,0
HPB,07/05/2010,39.5,41.8,39.5,41.3,493700,41.80,36.40,39.1,2.20,5.63,0,0,0
HPB,07/02/2010,38.7,40.0,38.0,39.1,178500,41.10,35.90,38.5,0.60,1.56,0,0,3000
HPB,07/01/2010,36.5,39.2,36.5,38.5,217400,39.30,34.30,36.8,1.70,4.62,0,0,5000
HPB,06/30/2010,38.0,38.0,36.0,36.8,90300,41.00,35.80,38.4,-1.60,-4.17,0,0,0
HPB,06/29/2010,38.0,39.0,38.0,38.4,89200,41.50,36.10,38.8,-0.40,-1.03,0,0,0
HPB,06/28/2010,39.8,40.0,38.2,38.8,134000,43.50,37.90,40.7,-1.90,-4.67,0,0,0
HPB,06/25/2010,40.5,42.0,39.4,40.7,151500,44.20,38.60,41.4,-0.70,-1.69,0,0,1000
HPB,06/24/2010,39.5,41.7,39.5,41.4,488500,41.70,36.30,39.0,2.40,6.15,0,2000,0
HPB,06/23/2010,39.0,39.3,38.3,39.0,131900,41.80,36.40,39.1,-0.10,-0.26,0,2000,0
HPB,06/22/2010,39.2,40.4,38.5,39.1,267900,41.70,36.30,39.0,0.10,0.26,0,0,0
HPB,06/21/2010,39.2,39.5,38.5,39.0,194600,41.80,36.40,39.1,-0.10,-0.26,0,4000,0
HPB,06/18/2010,39.2,39.5,38.7,39.1,104800,42.00,36.60,39.3,-0.20,-0.51,0,0,2000
HPB,06/17/2010,40.6,41.0,38.0,39.3,118700,43.20,37.60,40.4,-1.10,-2.72,0,0,0
HPB,06/16/2010,40.9,41.8,39.3,40.4,361300,42.00,36.60,39.3,1.10,2.80,0,1000,0
HPB,06/15/2010,38.0,41.1,37.5,39.3,625500,41.10,35.90,38.5,0.80,2.08,0,0,0
HPB,06/14/2010,38.0,39.0,37.5,38.5,127800,41.50,36.10,38.8,-0.30,-0.77,0,0,0
HPB,06/11/2010,39.5,40.0,37.5,38.8,151800,41.30,35.90,38.6,0.20,0.52,0,0,0
HPB,06/10/2010,40.5,40.5,37.9,38.6,201500,41.50,36.10,38.8,-0.20,-0.52,0,0,0
HPB,06/09/2010,38.8,38.8,38.5,38.8,629600,38.80,33.80,36.3,2.50,6.89,0,2000,0
HPB,06/08/2010,32.8,37.6,32.8,36.3,289800,37.60,32.80,35.2,1.10,3.13,0,0,0
HPB,06/07/2010,36.5,36.5,34.9,35.2,55700,40.10,34.90,37.5,-2.30,-6.13,0,0,0
HPB,06/04/2010,37.9,38.5,36.5,37.5,115000,40.50,35.30,37.9,-0.40,-1.06,0,0,0
HPB,06/03/2010,39.4,39.4,36.0,37.9,99200,39.40,34.40,36.9,1.00,2.71,0,0,0
HPB,06/02/2010,34.5,38.0,34.5,36.9,205500,38.00,33.20,35.6,1.30,3.65,0,0,0
HPB,06/01/2010,38.1,38.1,35.5,35.6,188400,40.70,35.50,38.1,-2.50,-6.56,0,0,0
HPB,05/31/2010,40.0,40.0,37.2,38.1,21500,42.80,37.20,40.0,-1.90,-4.75,0,0,0
HPB,05/28/2010,38.0,40.3,37.5,40.0,312600,40.30,35.10,37.7,2.30,6.10,0,0,0
HPB,05/27/2010,39.8,39.8,35.5,37.7,70300,40.60,35.40,38.0,-0.30,-0.79,0,0,0
HPB,05/26/2010,38.0,38.0,37.0,38.0,137800,38.00,33.20,35.6,2.40,6.74,0,100,0
HPB,05/25/2010,35.6,35.6,35.1,35.6,46200,35.60,31.00,33.3,2.30,6.91,0,0,0
HPB,05/24/2010,30.1,34.1,29.7,33.3,89900,34.10,29.70,31.9,1.40,4.39,0,0,0
HPB,05/21/2010,31.9,31.9,31.9,31.9,9100,36.70,31.90,34.3,-2.40,-7.00,5000,0,0
HPB,05/20/2010,33.2,37.9,33.1,34.3,82300,37.90,33.10,35.5,-1.20,-3.38,30000,0,0
HPB,05/19/2010,34.5,37.0,34.5,35.5,309200,39.50,34.50,37.0,-1.50,-4.05,0,0,0
HPB,05/18/2010,37.1,37.1,37.0,37.0,40600,42.40,37.00,39.7,-2.70,-6.80,0,0,0
HPB,05/17/2010,38.9,44.6,38.9,39.7,194700,44.70,38.90,41.8,-2.10,-5.02,5000,0,0
HPB,05/14/2010,41.8,48.0,41.8,41.8,89800,48.00,41.80,44.9,-3.10,-6.90,0,0,0
HPB,05/13/2010,45.1,46.0,44.9,44.9,99600,51.50,44.90,48.2,-3.30,-6.85,0,0,0
HPB,05/12/2010,49.9,49.9,46.5,48.2,102900,49.90,43.50,46.7,1.50,3.21,0,0,0
HPB,05/11/2010,46.7,46.7,46.7,46.7,415900,46.70,40.70,43.7,3.00,6.86,0,0,0
HPB,05/10/2010,43.7,43.7,43.7,43.7,181500,43.70,38.10,40.9,2.80,6.85,0,0,0
HPB,05/07/2010,40.9,40.9,40.5,40.9,114200,40.90,35.70,38.3,2.60,6.79,0,0,0
HPB,05/06/2010,38.3,38.3,38.3,38.3,93400,38.30,33.30,35.8,2.50,6.98,0,0,0
HPB,05/05/2010,35.0,36.0,35.0,35.8,115500,38.30,33.30,35.8,0.00,0.00,0,0,0
HPB,05/04/2010,40.8,40.8,35.6,35.8,83900,40.80,35.60,38.2,-2.40,-6.28,0,0,0
HPB,04/29/2010,32.0,60.0,30.0,38.2,23700,0.00,0.00,0.0,38.20,0.00,0,0,0
