MaCK,Ngay,GiaMoCua,GiaCaoNhat,GiaThapNhat,GiaDongCua,KhoiLuongGD,GiaTran,GiaSan,GiaThamChieu,TangGiam,%,GDThoaThuan,NNMua,NNBan
IJC,08/09/2010,23.7,23.7,22.6,22.6,129840,24.80,22.60,23.7,-1.10,-4.64,0,0,0
IJC,08/06/2010,24.6,24.6,23.7,23.7,199750,25.40,23.00,24.2,-0.50,-2.07,0,0,0
IJC,08/05/2010,24.9,24.9,24.2,24.2,52380,25.80,23.40,24.6,-0.40,-1.63,0,0,0
IJC,08/04/2010,25.0,25.0,24.5,24.6,51750,26.40,24.00,25.2,-0.60,-2.38,0,0,0
IJC,08/03/2010,26.5,26.5,24.8,25.2,249700,27.40,24.80,26.1,-0.90,-3.45,0,100,0
IJC,08/02/2010,26.7,26.7,26.1,26.1,35220,27.40,24.80,26.1,0.00,0.00,0,0,0
IJC,07/30/2010,26.2,27.2,26.1,26.1,108440,28.00,25.40,26.7,-0.60,-2.25,0,0,0
IJC,07/29/2010,26.2,26.7,25.7,26.7,30890,27.50,24.90,26.2,0.50,1.91,0,0,0
IJC,07/28/2010,27.0,27.0,26.2,26.2,35520,28.30,25.70,27.0,-0.80,-2.96,0,0,0
IJC,07/27/2010,27.1,27.4,27.0,27.0,52660,28.40,25.80,27.1,-0.10,-0.37,0,0,0
IJC,07/26/2010,27.5,27.5,27.0,27.1,96320,28.40,25.80,27.1,0.00,0.00,0,0,0
IJC,07/23/2010,27.9,27.9,27.1,27.1,82600,28.80,26.20,27.5,-0.40,-1.45,0,2500,0
IJC,07/22/2010,27.9,27.9,27.5,27.5,45420,28.90,26.30,27.6,-0.10,-0.36,0,0,0
IJC,07/21/2010,27.8,27.8,27.6,27.6,51180,29.10,26.50,27.8,-0.20,-0.72,0,0,0
IJC,07/20/2010,27.8,28.0,27.7,27.8,75040,29.10,26.50,27.8,0.00,0.00,0,0,0
IJC,07/19/2010,27.5,27.9,27.5,27.8,89520,29.20,26.60,27.9,-0.10,-0.36,0,0,0
IJC,07/16/2010,27.9,28.1,27.9,27.9,32520,29.50,26.70,28.1,-0.20,-0.71,0,0,0
IJC,07/15/2010,28.4,28.4,28.0,28.1,42580,29.80,27.00,28.4,-0.30,-1.06,0,0,0
IJC,07/14/2010,28.8,29.2,28.4,28.4,99220,30.20,27.40,28.8,-0.40,-1.39,0,0,0
IJC,07/13/2010,28.9,28.9,28.0,28.8,115080,29.20,26.60,27.9,0.90,3.23,0,0,0
IJC,07/12/2010,28.0,28.0,27.9,27.9,37410,29.40,26.60,28.0,-0.10,-0.36,0,0,0
IJC,07/09/2010,28.0,28.2,28.0,28.0,48580,29.20,26.60,27.9,0.10,0.36,0,0,0
IJC,07/08/2010,28.5,28.5,27.9,27.9,38620,29.40,26.60,28.0,-0.10,-0.36,0,0,0
IJC,07/07/2010,28.0,28.2,27.9,28.0,66470,29.40,26.60,28.0,0.00,0.00,0,0,0
IJC,07/06/2010,29.0,29.0,28.0,28.0,104400,30.40,27.60,29.0,-1.00,-3.45,0,0,0
IJC,07/05/2010,29.3,29.4,29.0,29.0,101540,30.00,27.20,28.6,0.40,1.40,0,0,0
IJC,07/02/2010,27.9,28.9,27.9,28.6,111260,29.20,26.60,27.9,0.70,2.51,0,0,0
IJC,07/01/2010,28.0,28.1,27.5,27.9,87590,29.40,26.60,28.0,-0.10,-0.36,0,0,0
IJC,06/30/2010,27.8,28.7,27.8,28.0,199370,30.20,27.40,28.8,-0.80,-2.78,0,0,0
IJC,06/29/2010,30.0,30.0,28.8,28.8,80120,30.90,28.10,29.5,-0.70,-2.37,0,0,0
IJC,06/28/2010,29.1,29.9,29.1,29.5,32780,30.80,28.00,29.4,0.10,0.34,0,60,0
IJC,06/25/2010,29.4,30.5,29.0,29.4,218050,31.50,28.50,30.0,-0.60,-2.00,0,0,0
IJC,06/24/2010,30.2,30.5,30.0,30.0,180830,31.70,28.70,30.2,-0.20,-0.66,0,0,0
IJC,06/23/2010,29.0,30.9,28.8,30.2,294000,31.10,28.30,29.7,0.50,1.68,0,0,0
IJC,06/22/2010,30.5,30.9,29.5,29.7,161880,32.50,29.50,31.0,-1.30,-4.19,0,0,0
IJC,06/21/2010,30.5,31.0,30.3,31.0,198340,31.80,28.80,30.3,0.70,2.31,0,0,0
IJC,06/18/2010,31.2,31.7,29.9,30.3,308170,32.70,29.70,31.2,-0.90,-2.88,0,290,0
IJC,06/17/2010,30.7,31.2,30.1,31.2,488420,31.20,28.40,29.8,1.40,4.70,0,0,500
IJC,06/16/2010,29.3,29.8,28.5,29.8,297320,29.80,27.00,28.4,1.40,4.93,0,0,0
IJC,06/15/2010,0.0,28.6,28.1,28.4,201710,29.70,26.90,28.3,0.10,0.35,0,0,1500
IJC,06/14/2010,28.0,28.5,27.6,28.3,145650,28.90,26.30,27.6,0.70,2.54,0,0,0
IJC,06/11/2010,28.4,28.4,27.6,27.6,89000,29.00,26.40,27.7,-0.10,-0.36,0,0,0
IJC,06/10/2010,27.4,27.9,27.0,27.7,165720,27.90,25.30,26.6,1.10,4.14,400000,0,0
IJC,06/09/2010,27.8,28.0,26.6,26.6,110560,28.70,26.10,27.4,-0.80,-2.92,0,500,0
IJC,06/08/2010,27.5,27.5,27.0,27.4,88120,28.80,26.20,27.5,-0.10,-0.36,0,0,0
IJC,06/07/2010,27.6,28.0,27.5,27.5,243660,30.30,27.50,28.9,-1.40,-4.84,0,0,0
IJC,06/04/2010,29.4,29.4,28.8,28.9,79800,30.80,28.00,29.4,-0.50,-1.70,0,0,3990
IJC,06/03/2010,30.4,30.4,28.8,29.4,373470,30.90,28.10,29.5,-0.10,-0.34,0,2500,106940
IJC,06/02/2010,28.4,29.5,28.0,29.5,143970,30.60,27.80,29.2,0.30,1.03,0,0,0
IJC,06/01/2010,28.2,29.2,28.2,29.2,127200,30.40,27.60,29.0,0.20,0.69,0,0,55000
IJC,05/31/2010,29.3,30.4,28.9,29.0,123800,31.90,28.90,30.4,-1.40,-4.61,0,0,0
IJC,05/28/2010,30.0,30.4,29.9,30.4,233150,30.40,27.60,29.0,1.40,4.83,0,0,0
IJC,05/27/2010,29.2,29.2,27.6,29.0,163030,29.70,26.90,28.3,0.70,2.47,0,0,0
IJC,05/26/2010,27.9,28.3,27.5,28.3,136690,28.30,25.70,27.0,1.30,4.81,0,500,0
IJC,05/25/2010,27.7,28.0,26.7,27.0,104480,29.00,26.40,27.7,-0.70,-2.53,0,0,5000
IJC,05/24/2010,28.8,28.8,27.4,27.7,175320,30.20,27.40,28.8,-1.10,-3.82,0,100,0
IJC,05/21/2010,28.8,29.5,28.8,28.8,197810,31.80,28.80,30.3,-1.50,-4.95,0,5100,0
IJC,05/20/2010,27.5,30.3,27.5,30.3,389210,30.30,27.50,28.9,1.40,4.84,1000000,400,0
IJC,05/19/2010,29.1,29.1,28.9,28.9,207430,31.90,28.90,30.4,-1.50,-4.93,0,0,0
IJC,05/18/2010,31.0,31.5,30.4,30.4,494880,33.60,30.40,32.0,-1.60,-5.00,0,0,1160
IJC,05/17/2010,33.5,34.0,31.7,32.0,114820,34.90,31.70,33.3,-1.30,-3.90,0,0,340
IJC,05/14/2010,33.0,33.5,33.0,33.3,137940,34.90,31.70,33.3,0.00,0.00,0,0,1000
IJC,05/13/2010,35.4,36.5,34.8,34.8,209770,37.10,33.70,35.4,-0.60,-1.69,0,0,0
IJC,05/12/2010,36.5,36.5,35.4,35.4,391360,39.00,35.40,37.2,-1.80,-4.84,0,500,0
IJC,05/11/2010,38.1,38.9,36.8,37.2,453640,40.50,36.70,38.6,-1.40,-3.63,25000,0,0
IJC,05/10/2010,41.0,41.0,38.6,38.6,382950,42.60,38.60,40.6,-2.00,-4.93,0,250,0
IJC,05/07/2010,40.6,40.6,40.0,40.6,625780,40.60,36.80,38.7,1.90,4.91,0,5500,0
IJC,05/06/2010,37.4,38.7,36.5,38.7,462570,38.70,35.10,36.9,1.80,4.88,0,0,0
IJC,05/05/2010,35.4,36.9,35.1,36.9,1116140,38.70,35.10,36.9,0.00,0.00,0,500,0
IJC,05/04/2010,37.9,37.9,36.0,36.9,285810,38.10,34.50,36.3,0.60,1.65,0,40,0
IJC,04/29/2010,36.5,36.5,35.0,36.3,174170,36.70,33.30,35.0,1.30,3.71,20000,1000,0
IJC,04/28/2010,35.0,37.0,35.0,35.0,168240,37.40,34.00,35.7,-0.70,-1.96,0,500,87710
IJC,04/27/2010,35.4,36.4,35.3,35.7,207120,38.90,35.30,37.1,-1.40,-3.77,0,500,38290
IJC,04/26/2010,37.1,37.1,37.1,37.1,68170,40.90,37.10,39.0,-1.90,-4.87,0,4000,0
IJC,04/22/2010,41.5,41.5,39.0,39.0,273260,41.50,37.70,39.6,-0.60,-1.52,0,0,0
IJC,04/21/2010,39.6,39.6,39.6,39.6,105760,39.60,36.00,37.8,1.80,4.76,0,0,0
IJC,04/20/2010,37.8,37.8,37.8,37.8,50000,37.80,34.20,36.0,1.80,5.00,180000,0,0
IJC,04/19/2010,36.0,36.0,36.0,36.0,764420,36.00,24.00,0.0,36.00,0.00,0,0,513750
