MaCK,Ngay,GiaMoCua,GiaCaoNhat,GiaThapNhat,GiaDongCua,KhoiLuongGD,GiaTran,GiaSan,GiaThamChieu,TangGiam,%,GDThoaThuan,NNMua,NNBan
L35,08/09/2010,22.9,24.0,21.3,21.3,66700,24.30,21.30,22.8,-1.50,-6.58,0,0,0
L35,08/06/2010,23.0,23.4,22.4,22.8,26800,24.50,21.30,22.9,-0.10,-0.44,0,0,0
L35,08/05/2010,25.0,25.0,22.4,22.9,58400,25.00,21.80,23.4,-0.50,-2.14,0,0,0
L35,08/04/2010,23.6,24.0,23.0,23.4,36600,26.00,22.60,24.3,-0.90,-3.70,0,0,0
L35,08/03/2010,25.6,25.6,24.0,24.3,72900,27.40,24.00,25.7,-1.40,-5.45,0,0,0
L35,08/02/2010,26.5,26.5,25.0,25.7,19800,28.40,24.80,26.6,-0.90,-3.38,0,0,0
L35,07/30/2010,25.3,27.0,25.3,26.6,51600,27.00,23.60,25.3,1.30,5.14,0,0,0
L35,07/29/2010,24.0,26.0,23.5,25.3,45500,26.80,23.40,25.1,0.20,0.80,0,0,0
L35,07/28/2010,26.5,26.5,24.8,25.1,81100,28.40,24.80,26.6,-1.50,-5.64,0,0,0
L35,07/27/2010,27.4,28.2,26.0,26.6,46000,29.70,25.90,27.8,-1.20,-4.32,0,0,0
L35,07/26/2010,28.3,28.3,27.0,27.8,79600,30.00,26.20,28.1,-0.30,-1.07,0,0,0
L35,07/23/2010,28.5,28.6,27.5,28.1,76200,30.30,26.50,28.4,-0.30,-1.06,0,0,0
L35,07/22/2010,30.3,30.3,28.3,28.4,114500,32.50,28.30,30.4,-2.00,-6.58,0,0,0
L35,07/21/2010,30.8,31.4,30.2,30.4,145900,34.60,30.20,32.4,-2.00,-6.17,0,0,0
L35,07/20/2010,32.5,34.5,31.5,32.4,116900,34.70,30.30,32.5,-0.10,-0.31,0,0,0
L35,07/19/2010,31.0,33.3,30.0,32.5,281500,33.30,29.10,31.2,1.30,4.17,0,0,2000
L35,07/16/2010,31.0,32.0,30.5,31.2,147500,33.80,29.40,31.6,-0.40,-1.27,0,0,0
L35,07/15/2010,33.0,35.0,31.0,31.6,277600,35.40,30.80,33.1,-1.50,-4.53,0,0,0
L35,07/14/2010,33.9,33.9,31.1,33.1,140000,33.90,29.50,31.7,1.40,4.42,0,0,0
L35,07/13/2010,31.5,31.7,31.2,31.7,177300,31.70,27.70,29.7,2.00,6.73,0,0,0
L35,07/12/2010,28.5,29.8,28.5,29.7,262200,29.80,26.00,27.9,1.80,6.45,0,2000,0
L35,07/09/2010,25.9,29.0,25.9,27.9,390800,29.70,25.90,27.8,0.10,0.36,0,0,0
L35,07/08/2010,29.0,29.5,27.0,27.8,67200,31.00,27.00,29.0,-1.20,-4.14,0,0,0
L35,07/07/2010,27.0,30.0,27.0,29.0,132500,30.00,26.20,28.1,0.90,3.20,0,0,0
L35,07/06/2010,28.0,28.7,28.0,28.1,201300,30.80,26.80,28.8,-0.70,-2.43,0,0,0
L35,07/05/2010,28.5,29.9,27.7,28.8,93300,30.90,26.90,28.9,-0.10,-0.35,0,0,0
L35,07/02/2010,27.0,29.6,25.9,28.9,224100,29.60,25.80,27.7,1.20,4.33,0,0,0
L35,07/01/2010,28.8,28.9,27.0,27.7,73900,30.70,26.70,28.7,-1.00,-3.48,0,0,0
L35,06/30/2010,28.5,29.5,27.6,28.7,171100,29.50,25.70,27.6,1.10,3.99,0,0,0
L35,06/29/2010,27.0,28.3,25.0,27.6,228100,28.30,24.70,26.5,1.10,4.15,0,0,0
L35,06/28/2010,28.4,28.4,24.8,26.5,278700,28.40,24.80,26.6,-0.10,-0.38,0,0,0
L35,06/25/2010,26.6,26.6,26.2,26.6,220100,26.60,23.20,24.9,1.70,6.83,0,0,0
L35,06/24/2010,24.9,24.9,24.9,24.9,101700,24.90,21.70,23.3,1.60,6.87,0,0,0
L35,06/23/2010,23.3,23.3,22.7,23.3,57000,23.30,20.30,21.8,1.50,6.88,0,0,0
L35,06/22/2010,21.8,21.8,20.5,21.8,282300,21.80,19.00,20.4,1.40,6.86,0,0,10000
L35,06/21/2010,20.4,20.4,20.2,20.4,28200,20.40,17.80,19.1,1.30,6.81,0,0,0
L35,06/18/2010,18.6,19.4,18.2,19.1,67600,19.40,17.00,18.2,0.90,4.95,0,0,0
L35,06/17/2010,18.2,18.7,17.8,18.2,28200,19.00,16.60,17.8,0.40,2.25,0,0,0
L35,06/16/2010,17.8,18.2,17.0,17.8,73900,18.20,16.00,17.1,0.70,4.09,0,0,0
L35,06/15/2010,17.0,17.3,16.9,17.1,33900,18.40,16.00,17.2,-0.10,-0.58,0,0,0
L35,06/14/2010,17.1,17.4,16.6,17.2,8500,18.20,16.00,17.1,0.10,0.58,0,0,0
L35,06/11/2010,17.7,17.7,17.0,17.1,12300,18.20,16.00,17.1,0.00,0.00,0,0,0
L35,06/10/2010,17.0,17.4,17.0,17.1,18100,18.00,15.80,16.9,0.20,1.18,0,0,0
L35,06/09/2010,17.1,17.1,16.6,16.9,16100,17.70,15.50,16.6,0.30,1.81,0,0,0
L35,06/08/2010,15.7,16.7,15.7,16.6,12600,16.70,14.70,15.7,0.90,5.73,0,0,0
L35,06/07/2010,15.6,17.2,15.5,15.7,7800,17.70,15.50,16.6,-0.90,-5.42,0,0,0
L35,06/04/2010,16.5,17.8,16.5,16.6,1100,18.60,16.20,17.4,-0.80,-4.60,0,0,0
L35,06/03/2010,17.7,17.7,17.2,17.4,4300,18.90,16.50,17.7,-0.30,-1.69,0,0,0
L35,06/02/2010,16.8,17.9,16.8,17.7,9100,18.00,15.80,16.9,0.80,4.73,0,0,0
L35,06/01/2010,16.6,17.4,16.5,16.9,28100,18.90,16.50,17.7,-0.80,-4.52,0,0,0
L35,05/31/2010,19.2,19.2,17.3,17.7,31300,19.90,17.30,18.6,-0.90,-4.84,0,0,0
L35,05/28/2010,18.6,18.6,18.6,18.6,28200,18.60,16.20,17.4,1.20,6.90,0,0,0
L35,05/27/2010,17.4,17.4,17.0,17.4,50800,17.40,15.20,16.3,1.10,6.75,0,0,0
L35,05/26/2010,16.3,16.3,16.1,16.3,9100,16.30,14.30,15.3,1.00,6.54,0,0,0
L35,05/25/2010,15.2,15.3,15.2,15.3,17300,15.30,13.30,14.3,1.00,6.99,0,0,0
L35,05/24/2010,14.2,15.5,14.0,14.3,33100,15.80,13.80,14.8,-0.50,-3.38,0,0,0
L35,05/21/2010,15.0,15.1,14.7,14.8,51800,16.70,14.70,15.7,-0.90,-5.73,0,0,0
L35,05/20/2010,15.3,17.0,15.0,15.7,34600,17.20,15.00,16.1,-0.40,-2.48,0,0,0
L35,05/19/2010,16.3,16.3,16.1,16.1,28300,18.50,16.10,17.3,-1.20,-6.94,0,0,0
L35,05/18/2010,18.1,18.1,17.7,17.7,80700,20.30,17.70,19.0,-1.30,-6.84,6000,0,0
L35,05/17/2010,19.1,19.1,18.5,19.0,3400,20.20,17.60,18.9,0.10,0.53,0,0,0
L35,05/14/2010,18.6,21.0,18.6,18.9,51300,21.20,18.60,19.9,-1.00,-5.03,0,0,0
L35,05/13/2010,19.9,20.2,19.9,19.9,40500,22.70,19.90,21.3,-1.40,-6.57,0,0,0
L35,05/12/2010,21.3,21.3,21.3,21.3,1700,24.30,21.30,22.8,-1.50,-6.58,0,0,0
L35,05/11/2010,24.0,24.4,22.7,22.8,22100,26.10,22.70,24.4,-1.60,-6.56,0,0,0
L35,05/10/2010,25.0,25.6,23.9,24.4,28900,27.30,23.90,25.6,-1.20,-4.69,6000,0,0
L35,05/07/2010,24.5,26.5,24.5,25.6,36700,26.70,23.30,25.0,0.60,2.40,0,0,0
L35,05/06/2010,23.7,25.3,23.5,25.0,104300,25.30,22.10,23.7,1.30,5.49,0,0,0
L35,05/05/2010,23.4,24.3,21.8,23.7,81400,24.30,21.30,22.8,0.90,3.95,0,0,0
L35,05/04/2010,22.7,22.8,21.7,22.8,76100,22.80,20.00,21.4,1.40,6.54,0,0,0
L35,04/29/2010,21.5,21.8,20.0,21.4,72300,21.80,19.00,20.4,1.00,4.90,0,10000,0
L35,04/28/2010,19.1,21.0,19.1,20.4,61200,21.00,18.40,19.7,0.70,3.55,0,0,0
L35,04/27/2010,20.4,20.5,19.0,19.7,58000,21.00,18.40,19.7,0.00,0.00,0,0,0
L35,04/26/2010,20.5,20.5,18.0,19.7,41700,20.50,17.90,19.2,0.50,2.60,0,0,0
L35,04/22/2010,19.4,19.4,18.3,19.2,90600,19.40,17.00,18.2,1.00,5.49,0,0,0
L35,04/21/2010,18.2,18.2,18.2,18.2,53700,18.20,16.00,17.1,1.10,6.43,0,0,0
L35,04/20/2010,17.0,17.1,16.9,17.1,35400,17.10,14.90,16.0,1.10,6.88,0,0,0
L35,04/19/2010,15.3,16.1,15.3,16.0,75000,16.10,14.10,15.1,0.90,5.96,0,0,0
L35,04/16/2010,14.9,15.3,14.4,15.1,60700,15.30,13.30,14.3,0.80,5.59,0,0,0
L35,04/15/2010,14.6,14.8,13.5,14.3,26400,14.80,13.00,13.9,0.40,2.88,0,0,0
L35,04/14/2010,14.7,14.7,13.5,13.9,15400,14.70,12.90,13.8,0.10,0.72,0,0,0
L35,04/13/2010,14.8,14.8,13.8,13.8,3100,15.00,13.20,14.1,-0.30,-2.13,0,0,0
L35,04/12/2010,14.3,14.4,13.7,14.1,57700,15.30,13.30,14.3,-0.20,-1.40,0,0,0
L35,04/09/2010,14.8,14.8,13.9,14.3,5400,15.40,13.40,14.4,-0.10,-0.69,0,0,0
L35,04/08/2010,14.0,14.4,14.0,14.4,12600,14.40,12.60,13.5,0.90,6.67,0,0,0
L35,04/07/2010,14.4,14.4,13.4,13.5,12200,14.40,12.60,13.5,0.00,0.00,0,0,0
L35,04/06/2010,12.9,13.8,12.9,13.5,3000,13.80,12.00,12.9,0.60,4.65,0,0,0
L35,04/05/2010,12.9,13.0,12.7,12.9,7000,13.80,12.00,12.9,0.00,0.00,9000,0,0
L35,04/02/2010,13.5,13.5,12.7,12.9,9800,14.50,12.70,13.6,-0.70,-5.15,0,0,0
L35,04/01/2010,13.7,13.7,13.5,13.6,2000,14.60,12.80,13.7,-0.10,-0.73,0,0,0
L35,03/31/2010,14.1,14.1,13.5,13.7,7800,15.50,13.50,14.5,-0.80,-5.52,5200,0,0
L35,03/30/2010,14.5,14.5,14.5,14.5,1100,15.50,13.50,14.5,0.00,0.00,0,0,0
L35,03/29/2010,14.5,14.5,14.5,14.5,2400,15.00,13.20,14.1,0.40,2.84,0,0,0
L35,03/26/2010,15.5,15.5,13.9,14.1,16300,15.90,13.90,14.9,-0.80,-5.37,0,0,0
L35,03/25/2010,13.5,16.0,13.5,14.9,63400,0.00,0.00,0.0,14.90,0.00,0,0,0
