MaCK,Ngay,GiaMoCua,GiaCaoNhat,GiaThapNhat,GiaDongCua,KhoiLuongGD,GiaTran,GiaSan,GiaThamChieu,TangGiam,%,GDThoaThuan,NNMua,NNBan
SDB,08/11/2010,26.5,26.5,26.0,26.4,4400,28.30,24.70,26.5,-0.10,-0.38,0,0,0
SDB,08/10/2010,29.1,29.1,25.3,26.5,31800,29.10,25.30,27.2,-0.70,-2.57,0,0,0
SDB,08/09/2010,28.3,28.3,26.6,27.2,7300,30.40,26.60,28.5,-1.30,-4.56,0,0,0
SDB,08/06/2010,28.5,29.0,28.3,28.5,5500,30.40,26.60,28.5,0.00,0.00,0,0,0
SDB,08/05/2010,28.5,28.9,28.5,28.5,6600,30.90,26.90,28.9,-0.40,-1.38,0,0,0
SDB,08/04/2010,28.8,29.0,28.8,28.9,4200,32.10,27.90,30.0,-1.10,-3.67,0,0,0
SDB,08/03/2010,30.5,30.5,29.0,30.0,6900,32.40,28.20,30.3,-0.30,-0.99,0,0,0
SDB,08/02/2010,30.3,30.3,30.3,30.3,100,32.10,27.90,30.0,0.30,1.00,0,0,0
SDB,07/30/2010,30.0,30.8,29.5,30.0,13900,31.50,27.50,29.5,0.50,1.69,0,0,0
SDB,07/29/2010,30.5,30.5,28.5,29.5,10000,31.30,27.30,29.3,0.20,0.68,0,0,0
SDB,07/28/2010,32.0,32.0,29.0,29.3,26900,33.10,28.90,31.0,-1.70,-5.48,0,0,0
SDB,07/27/2010,31.0,31.0,31.0,31.0,15400,33.10,28.90,31.0,0.00,0.00,0,0,0
SDB,07/26/2010,31.1,31.1,31.0,31.0,13800,33.10,28.90,31.0,0.00,0.00,0,0,0
SDB,07/23/2010,30.9,31.5,30.7,31.0,14000,33.00,28.80,30.9,0.10,0.32,0,0,0
SDB,07/22/2010,30.0,31.7,30.0,30.9,7000,33.20,29.00,31.1,-0.20,-0.64,0,0,0
SDB,07/21/2010,32.4,32.4,31.0,31.1,7900,33.40,29.20,31.3,-0.20,-0.64,0,0,0
SDB,07/20/2010,31.3,31.7,31.0,31.3,36900,33.40,29.20,31.3,0.00,0.00,0,0,0
SDB,07/19/2010,32.4,32.4,31.2,31.3,35900,33.90,29.50,31.7,-0.40,-1.26,0,0,0
SDB,07/16/2010,32.6,32.6,31.3,31.7,25400,34.30,29.90,32.1,-0.40,-1.25,0,0,0
SDB,07/15/2010,31.5,32.7,31.0,32.1,20600,34.90,30.50,32.7,-0.60,-1.83,0,0,0
SDB,07/14/2010,34.0,34.0,32.0,32.7,8700,34.70,30.30,32.5,0.20,0.62,0,0,0
SDB,07/13/2010,33.0,33.0,31.4,32.5,32900,33.50,29.30,31.4,1.10,3.50,0,0,0
SDB,07/12/2010,31.8,31.8,31.1,31.4,14700,33.70,29.30,31.5,-0.10,-0.32,0,0,0
SDB,07/09/2010,31.8,31.8,31.0,31.5,2500,33.40,29.20,31.3,0.20,0.64,0,0,0
SDB,07/08/2010,33.0,33.0,30.2,31.3,7600,33.90,29.50,31.7,-0.40,-1.26,0,0,0
SDB,07/07/2010,32.0,32.3,31.0,31.7,5700,34.20,29.80,32.0,-0.30,-0.94,0,0,0
SDB,07/06/2010,32.4,32.4,31.4,32.0,5900,34.60,30.20,32.4,-0.40,-1.23,0,0,0
SDB,07/05/2010,32.9,32.9,31.7,32.4,16300,34.90,30.50,32.7,-0.30,-0.92,0,0,0
SDB,07/02/2010,34.0,34.0,32.1,32.7,12800,34.90,30.50,32.7,0.00,0.00,0,0,0
SDB,07/01/2010,33.5,33.6,32.5,32.7,32100,34.60,30.20,32.4,0.30,0.93,0,0,0
SDB,06/30/2010,31.3,33.5,31.3,32.4,27500,35.90,31.30,33.6,-1.20,-3.57,0,0,0
SDB,06/29/2010,34.0,34.2,33.3,33.6,35200,35.60,31.00,33.3,0.30,0.90,0,0,0
SDB,06/28/2010,33.8,33.8,32.4,33.3,26500,35.90,31.30,33.6,-0.30,-0.89,0,0,0
SDB,06/25/2010,33.5,34.5,33.0,33.6,26600,36.90,32.10,34.5,-0.90,-2.61,0,0,0
SDB,06/24/2010,33.0,34.6,33.0,34.5,82900,34.60,30.20,32.4,2.10,6.48,0,0,0
SDB,06/23/2010,31.7,33.0,31.7,32.4,67700,33.90,29.50,31.7,0.70,2.21,0,0,0
SDB,06/22/2010,31.7,32.0,31.1,31.7,73400,33.40,29.20,31.3,0.40,1.28,0,0,0
SDB,06/21/2010,30.7,32.0,30.5,31.3,35500,33.50,29.30,31.4,-0.10,-0.32,0,0,0
SDB,06/18/2010,31.5,31.5,31.0,31.4,20600,33.70,29.30,31.5,-0.10,-0.32,0,0,0
SDB,06/17/2010,30.6,31.9,30.6,31.5,16400,33.90,29.50,31.7,-0.20,-0.63,0,0,0
SDB,06/16/2010,31.6,32.5,31.0,31.7,34500,32.70,28.50,30.6,1.10,3.59,0,0,0
SDB,06/15/2010,31.4,31.4,30.3,30.6,9900,32.70,28.50,30.6,0.00,0.00,0,0,0
SDB,06/14/2010,30.1,31.0,30.0,30.6,23800,32.20,28.00,30.1,0.50,1.66,0,0,0
SDB,06/11/2010,30.5,30.8,29.5,30.1,19800,31.50,27.50,29.5,0.60,2.03,0,0,0
SDB,06/10/2010,30.3,30.3,29.0,29.5,8700,31.90,27.90,29.9,-0.40,-1.34,0,0,0
SDB,06/09/2010,30.0,30.2,28.9,29.9,6900,31.20,27.20,29.2,0.70,2.40,0,0,0
SDB,06/08/2010,29.5,29.5,28.9,29.2,7100,30.60,26.60,28.6,0.60,2.10,0,0,0
SDB,06/07/2010,28.8,28.8,28.4,28.6,40000,32.60,28.40,30.5,-1.90,-6.23,0,0,0
SDB,06/04/2010,31.9,31.9,30.0,30.5,20200,33.40,29.20,31.3,-0.80,-2.56,0,0,0
SDB,06/03/2010,31.9,32.2,30.4,31.3,12800,32.30,28.10,30.2,1.10,3.64,0,0,0
SDB,06/02/2010,30.0,31.1,29.8,30.2,21300,31.30,27.30,29.3,0.90,3.07,0,0,0
SDB,06/01/2010,29.0,30.3,28.8,29.3,18500,32.50,28.30,30.4,-1.10,-3.62,0,0,0
SDB,05/31/2010,30.5,30.8,30.1,30.4,11500,34.40,30.00,32.2,-1.80,-5.59,0,0,0
SDB,05/28/2010,32.0,32.5,31.2,32.2,60200,32.50,28.30,30.4,1.80,5.92,0,0,0
SDB,05/27/2010,31.0,31.0,30.0,30.4,14300,32.20,28.00,30.1,0.30,1.00,0,0,0
SDB,05/26/2010,30.0,31.4,29.4,30.1,37000,31.50,27.50,29.5,0.60,2.03,0,0,0
SDB,05/25/2010,30.0,30.0,28.8,29.5,54700,33.00,28.80,30.9,-1.40,-4.53,0,0,0
SDB,05/24/2010,32.0,32.0,30.0,30.9,22700,33.40,29.20,31.3,-0.40,-1.28,0,0,0
SDB,05/21/2010,34.0,34.0,31.3,31.3,50300,35.90,31.30,33.6,-2.30,-6.85,7000,0,0
SDB,05/20/2010,33.5,34.8,31.5,33.6,36900,34.80,30.40,32.6,1.00,3.07,0,0,0
SDB,05/19/2010,34.7,34.7,32.3,32.6,49200,37.10,32.30,34.7,-2.10,-6.05,0,0,0
SDB,05/18/2010,35.5,35.5,34.4,34.7,41700,39.00,34.00,36.5,-1.80,-4.93,0,0,0
SDB,05/17/2010,38.1,38.5,35.8,36.5,38400,40.70,35.50,38.1,-1.60,-4.20,0,0,0
SDB,05/14/2010,40.5,40.8,37.7,38.1,42000,43.30,37.70,40.5,-2.40,-5.93,0,0,0
SDB,05/13/2010,43.2,43.2,38.1,40.5,53100,43.20,37.60,40.4,0.10,0.25,0,0,0
SDB,05/12/2010,39.5,40.7,39.5,40.4,257200,40.70,35.50,38.1,2.30,6.04,0,0,0
SDB,05/11/2010,37.0,38.5,37.0,38.1,159500,38.50,33.50,36.0,2.10,5.83,0,0,0
SDB,05/10/2010,36.0,36.5,35.0,36.0,62700,38.60,33.60,36.1,-0.10,-0.28,0,0,0
SDB,05/07/2010,36.0,36.5,35.5,36.1,75300,38.70,33.70,36.2,-0.10,-0.28,0,0,0
SDB,05/06/2010,36.8,36.8,35.6,36.2,39100,38.80,33.80,36.3,-0.10,-0.28,0,0,0
SDB,05/05/2010,36.1,37.2,36.0,36.3,38300,40.10,34.90,37.5,-1.20,-3.20,0,0,0
SDB,05/04/2010,38.0,38.0,36.8,37.5,114000,38.80,33.80,36.3,1.20,3.31,0,0,0
SDB,04/29/2010,36.0,37.5,35.7,36.3,78900,37.50,32.70,35.1,1.20,3.42,0,0,0
SDB,04/28/2010,35.0,35.5,34.8,35.1,38000,37.70,32.90,35.3,-0.20,-0.57,0,0,0
SDB,04/27/2010,35.2,35.6,35.0,35.3,24500,38.30,33.30,35.8,-0.50,-1.40,0,0,0
SDB,04/26/2010,36.0,36.7,35.1,35.8,27000,39.20,34.20,36.7,-0.90,-2.45,0,0,0
SDB,04/22/2010,37.5,38.9,35.2,36.7,46400,38.90,33.90,36.4,0.30,0.82,0,0,0
SDB,04/21/2010,34.0,37.4,34.0,36.4,149600,37.40,32.60,35.0,1.40,4.00,0,0,0
SDB,04/20/2010,35.5,35.5,34.3,35.0,42900,36.20,31.60,33.9,1.10,3.24,0,0,0
SDB,04/19/2010,34.7,34.7,33.4,33.9,60100,38.00,33.20,35.6,-1.70,-4.78,0,0,0
SDB,04/16/2010,35.5,36.0,35.3,35.6,54700,37.90,33.10,35.5,0.10,0.28,0,0,0
SDB,04/15/2010,35.0,36.4,35.0,35.5,35300,37.40,32.60,35.0,0.50,1.43,0,0,0
SDB,04/14/2010,34.1,36.0,34.1,35.0,29000,38.40,33.40,35.9,-0.90,-2.51,0,0,0
SDB,04/13/2010,36.6,36.6,35.2,35.9,35500,38.80,33.80,36.3,-0.40,-1.10,0,0,0
SDB,04/12/2010,36.0,37.5,35.8,36.3,72600,38.10,33.30,35.7,0.60,1.68,0,0,0
SDB,04/09/2010,36.8,36.8,35.5,35.7,53100,37.90,33.10,35.5,0.20,0.56,0,0,0
SDB,04/08/2010,34.5,36.0,33.2,35.5,37000,36.80,32.00,34.4,1.10,3.20,0,0,0
SDB,04/07/2010,32.6,35.0,32.6,34.4,29100,37.30,32.50,34.9,-0.50,-1.43,0,0,0
SDB,04/06/2010,35.8,36.0,34.3,34.9,21500,36.70,31.90,34.3,0.60,1.75,0,0,0
SDB,04/05/2010,34.3,35.0,34.1,34.3,13200,36.50,31.90,34.2,0.10,0.29,0,0,0
SDB,04/02/2010,35.0,35.0,33.5,34.2,28200,36.40,31.80,34.1,0.10,0.29,0,0,0
SDB,04/01/2010,34.0,35.0,33.8,34.1,17600,37.70,32.90,35.3,-1.20,-3.40,0,0,0
SDB,03/31/2010,36.2,36.2,34.5,35.3,4800,38.70,33.70,36.2,-0.90,-2.49,0,0,0
SDB,03/30/2010,36.3,36.4,35.9,36.2,20400,38.10,33.30,35.7,0.50,1.40,0,0,0
SDB,03/29/2010,36.0,36.9,35.0,35.7,15100,38.50,33.50,36.0,-0.30,-0.83,0,0,0
SDB,03/26/2010,36.0,36.8,35.9,36.0,23300,38.70,33.70,36.2,-0.20,-0.55,0,0,0
SDB,03/25/2010,37.0,37.1,35.4,36.2,14200,40.50,35.30,37.9,-1.70,-4.49,0,0,0
SDB,03/24/2010,37.6,38.3,37.6,37.9,26700,39.80,34.60,37.2,0.70,1.88,0,0,0
SDB,03/23/2010,37.3,38.1,36.8,37.2,46300,42.20,36.80,39.5,-2.30,-5.82,0,0,0
SDB,03/22/2010,42.7,42.7,39.1,39.5,19200,44.90,39.10,42.0,-2.50,-5.95,0,0,0
SDB,03/19/2010,42.1,42.1,40.1,42.0,73700,42.10,36.70,39.4,2.60,6.60,0,0,0
SDB,03/18/2010,39.3,39.5,39.0,39.4,19400,39.50,34.50,37.0,2.40,6.49,0,0,0
SDB,03/17/2010,35.7,38.5,34.8,37.0,72700,39.90,34.70,37.3,-0.30,-0.80,0,0,0
SDB,03/16/2010,37.5,38.0,37.2,37.3,93300,42.80,37.20,40.0,-2.70,-6.75,0,0,0
SDB,03/15/2010,40.0,41.0,39.9,40.0,71300,45.70,39.90,42.8,-2.80,-6.54,0,0,0
SDB,03/12/2010,45.0,45.0,42.5,42.8,26800,48.70,42.50,45.6,-2.80,-6.14,0,0,0
SDB,03/11/2010,48.0,48.0,44.9,45.6,47300,48.10,41.90,45.0,0.60,1.33,0,0,0
SDB,03/10/2010,38.5,49.5,38.5,45.0,203900,0.00,0.00,0.0,45.00,0.00,0,0,0
