MaCK,Ngay,GiaMoCua,GiaCaoNhat,GiaThapNhat,GiaDongCua,KhoiLuongGD,GiaTran,GiaSan,GiaThamChieu,TangGiam,%,GDThoaThuan,NNMua,NNBan
SDE,08/11/2010,21.0,22.0,20.0,20.3,4000,22.30,19.50,20.9,-0.60,-2.87,0,0,0
SDE,08/10/2010,23.0,23.0,20.8,20.9,1600,23.80,20.80,22.3,-1.40,-6.28,0,0,0
SDE,08/09/2010,22.3,22.3,22.3,22.3,1100,25.50,22.30,23.9,-1.60,-6.69,0,0,0
SDE,08/06/2010,23.9,23.9,23.9,23.9,5600,27.30,23.90,25.6,-1.70,-6.64,0,0,0
SDE,08/05/2010,0.0,0.0,0.0,25.6,0,27.30,23.90,25.6,0.00,0.00,0,0,0
SDE,08/04/2010,0.0,0.0,0.0,25.6,0,27.30,23.90,25.6,0.00,0.00,0,0,0
SDE,08/03/2010,25.6,25.6,25.6,25.6,100,26.60,23.20,24.9,0.70,2.81,0,0,0
SDE,08/02/2010,24.9,24.9,24.9,24.9,100,25.70,22.50,24.1,0.80,3.32,0,0,0
SDE,07/30/2010,24.5,25.5,23.0,24.1,5200,25.60,22.40,24.0,0.10,0.42,0,0,0
SDE,07/29/2010,24.0,24.8,21.8,24.0,1400,24.80,21.60,23.2,0.80,3.45,0,0,0
SDE,07/28/2010,24.5,24.5,22.5,23.2,1600,25.60,22.40,24.0,-0.80,-3.33,0,0,0
SDE,07/27/2010,24.5,24.5,23.7,24.0,3000,27.00,23.60,25.3,-1.30,-5.14,0,0,0
SDE,07/26/2010,25.5,25.5,25.0,25.3,1000,26.70,23.30,25.0,0.30,1.20,0,0,0
SDE,07/23/2010,25.0,25.1,25.0,25.0,13200,26.60,23.20,24.9,0.10,0.40,0,0,0
SDE,07/22/2010,25.1,25.1,24.7,24.9,1200,26.70,23.30,25.0,-0.10,-0.40,0,0,0
SDE,07/21/2010,25.0,25.4,24.7,25.0,6800,28.00,24.40,26.2,-1.20,-4.58,0,0,0
SDE,07/20/2010,26.1,26.3,26.0,26.2,10000,27.90,24.30,26.1,0.10,0.38,0,0,0
SDE,07/19/2010,26.0,26.3,26.0,26.1,9500,28.10,24.50,26.3,-0.20,-0.76,0,0,0
SDE,07/16/2010,26.0,26.5,26.0,26.3,27000,27.30,23.90,25.6,0.70,2.73,0,0,0
SDE,07/15/2010,24.9,25.7,24.8,25.6,72600,25.70,22.50,24.1,1.50,6.22,0,0,0
SDE,07/14/2010,23.7,25.1,23.7,24.1,16700,25.30,22.10,23.7,0.40,1.69,0,0,0
SDE,07/13/2010,23.0,24.1,23.0,23.7,7000,25.80,22.60,24.2,-0.50,-2.07,0,0,0
SDE,07/12/2010,24.3,24.5,24.1,24.2,3600,26.30,22.90,24.6,-0.40,-1.63,0,0,0
SDE,07/09/2010,24.0,24.7,24.0,24.6,500,25.20,22.00,23.6,1.00,4.24,0,0,0
SDE,07/08/2010,23.6,23.6,23.5,23.6,200,24.70,21.50,23.1,0.50,2.16,0,100,0
SDE,07/07/2010,23.1,23.1,23.1,23.1,100,24.70,21.50,23.1,0.00,0.00,0,0,0
SDE,07/06/2010,23.8,23.8,22.8,23.1,7900,25.40,22.20,23.8,-0.70,-2.94,0,100,0
SDE,07/05/2010,0.0,0.0,0.0,23.8,0,25.40,22.20,23.8,0.00,0.00,0,0,0
SDE,07/02/2010,23.8,23.8,23.8,23.8,2100,25.40,22.20,23.8,0.00,0.00,0,0,0
SDE,07/01/2010,23.9,23.9,23.7,23.8,4300,25.50,22.30,23.9,-0.10,-0.42,0,0,0
SDE,06/30/2010,22.6,24.4,22.6,23.9,900,25.60,22.40,24.0,-0.10,-0.42,0,0,0
SDE,06/29/2010,0.0,0.0,0.0,24.0,0,25.60,22.40,24.0,0.00,0.00,0,0,0
SDE,06/28/2010,23.8,24.0,23.7,24.0,6700,25.30,22.10,23.7,0.30,1.27,0,0,0
SDE,06/25/2010,23.5,24.2,23.5,23.7,2100,25.40,22.20,23.8,-0.10,-0.42,0,0,0
SDE,06/24/2010,23.2,24.0,23.2,23.8,24400,24.50,21.30,22.9,0.90,3.93,0,0,0
SDE,06/23/2010,23.0,23.0,22.8,22.9,3800,24.60,21.40,23.0,-0.10,-0.43,0,0,0
SDE,06/22/2010,23.0,23.6,22.6,23.0,9200,25.30,22.10,23.7,-0.70,-2.95,0,0,0
SDE,06/21/2010,23.0,23.9,23.0,23.7,15300,24.00,21.00,22.5,1.20,5.33,0,0,0
SDE,06/18/2010,22.5,23.0,22.5,22.5,2700,25.00,21.80,23.4,-0.90,-3.85,0,0,0
SDE,06/17/2010,23.9,23.9,22.6,23.4,1400,24.10,21.10,22.6,0.80,3.54,0,0,0
SDE,06/16/2010,22.6,22.6,22.5,22.6,25000,22.60,19.80,21.2,1.40,6.60,0,0,0
SDE,06/15/2010,21.0,21.4,21.0,21.2,3500,22.80,20.00,21.4,-0.20,-0.93,0,0,0
SDE,06/14/2010,22.0,22.2,21.0,21.4,14100,23.50,20.50,22.0,-0.60,-2.73,0,0,0
SDE,06/11/2010,22.0,22.0,22.0,22.0,2000,22.70,19.90,21.3,0.70,3.29,0,0,0
SDE,06/10/2010,21.5,21.5,21.2,21.3,2300,24.20,21.20,22.7,-1.40,-6.17,0,0,0
SDE,06/09/2010,23.1,23.1,22.0,22.7,7100,23.10,20.10,21.6,1.10,5.09,0,0,0
SDE,06/08/2010,21.5,21.6,21.5,21.6,5300,21.60,18.80,20.2,1.40,6.93,0,0,0
SDE,06/07/2010,20.1,20.2,20.0,20.2,5600,22.80,20.00,21.4,-1.20,-5.61,0,0,0
SDE,06/04/2010,21.9,21.9,21.1,21.4,9500,23.40,20.40,21.9,-0.50,-2.28,0,0,0
SDE,06/03/2010,22.7,22.7,21.7,21.9,7800,22.80,20.00,21.4,0.50,2.34,0,0,0
SDE,06/02/2010,21.5,21.5,21.0,21.4,1500,21.70,18.90,20.3,1.10,5.42,0,0,0
SDE,06/01/2010,20.2,21.2,20.0,20.3,13200,23.00,20.00,21.5,-1.20,-5.58,0,0,0
SDE,05/31/2010,21.5,21.5,21.5,21.5,400,24.20,21.20,22.7,-1.20,-5.29,0,0,0
SDE,05/28/2010,22.7,22.7,22.5,22.7,25100,22.70,19.90,21.3,1.40,6.57,0,0,0
SDE,05/27/2010,22.6,22.6,21.1,21.3,8100,24.10,21.10,22.6,-1.30,-5.75,0,0,0
SDE,05/26/2010,22.8,22.8,22.5,22.6,4400,22.80,20.00,21.4,1.20,5.61,0,0,0
SDE,05/25/2010,21.5,21.5,21.2,21.4,11100,21.50,18.70,20.1,1.30,6.47,0,0,0
SDE,05/24/2010,20.1,20.5,19.9,20.1,4100,22.60,19.80,21.2,-1.10,-5.19,0,0,0
SDE,05/21/2010,21.3,21.3,21.1,21.2,5500,24.10,21.10,22.6,-1.40,-6.19,0,0,0
SDE,05/20/2010,21.2,23.3,21.1,22.6,4300,24.10,21.10,22.6,0.00,0.00,0,0,0
SDE,05/19/2010,22.7,22.7,22.6,22.6,5800,25.80,22.60,24.2,-1.60,-6.61,0,0,0
SDE,05/18/2010,24.3,24.5,24.0,24.2,12000,27.60,24.00,25.8,-1.60,-6.20,0,0,0
SDE,05/17/2010,25.8,25.8,25.8,25.8,11300,29.60,25.80,27.7,-1.90,-6.86,0,0,0
SDE,05/14/2010,28.0,28.0,27.0,27.7,3000,29.30,25.50,27.4,0.30,1.09,0,0,0
SDE,05/13/2010,26.1,27.7,26.1,27.4,29800,27.70,24.10,25.9,1.50,5.79,0,0,0
SDE,05/12/2010,27.2,27.2,25.2,25.9,36500,27.20,23.80,25.5,0.40,1.57,0,0,0
SDE,05/11/2010,27.0,27.0,25.1,25.5,17200,27.40,24.00,25.7,-0.20,-0.78,0,0,0
SDE,05/10/2010,25.8,27.6,25.7,25.7,17500,29.50,25.70,27.6,-1.90,-6.88,0,0,0
SDE,05/07/2010,28.0,28.0,27.5,27.6,800,29.70,25.90,27.8,-0.20,-0.72,0,0,0
SDE,05/06/2010,27.5,29.2,27.0,27.8,1700,30.00,26.20,28.1,-0.30,-1.07,0,0,0
SDE,05/05/2010,29.7,29.7,27.5,28.1,25400,31.50,27.50,29.5,-1.40,-4.75,0,0,0
SDE,05/04/2010,29.7,29.7,29.0,29.5,45700,29.70,25.90,27.8,1.70,6.12,0,0,0
SDE,04/29/2010,28.6,28.6,27.0,27.8,18600,28.60,25.00,26.8,1.00,3.73,0,0,0
SDE,04/28/2010,27.4,27.4,26.5,26.8,13900,29.30,25.50,27.4,-0.60,-2.19,0,0,0
SDE,04/27/2010,27.3,27.8,26.0,27.4,35300,29.20,25.40,27.3,0.10,0.37,0,0,0
SDE,04/26/2010,28.6,28.6,26.7,27.3,12500,30.60,26.60,28.6,-1.30,-4.55,0,0,0
SDE,04/22/2010,28.6,28.6,28.0,28.6,103200,28.60,25.00,26.8,1.80,6.72,0,0,0
SDE,04/21/2010,26.5,27.0,26.4,26.8,39100,27.00,23.60,25.3,1.50,5.93,0,0,0
SDE,04/20/2010,24.5,26.5,24.1,25.3,38100,26.50,23.10,24.8,0.50,2.02,0,0,0
SDE,04/19/2010,24.5,24.9,24.4,24.8,14500,26.60,23.20,24.9,-0.10,-0.40,0,0,0
SDE,04/16/2010,25.4,25.4,24.0,24.9,7100,26.70,23.30,25.0,-0.10,-0.40,0,0,0
SDE,04/15/2010,24.1,25.1,24.1,25.0,20800,26.70,23.30,25.0,0.00,0.00,0,0,0
SDE,04/14/2010,25.0,25.0,25.0,25.0,5200,26.60,23.20,24.9,0.10,0.40,0,0,0
SDE,04/13/2010,24.9,25.0,24.5,24.9,6900,26.70,23.30,25.0,-0.10,-0.40,0,0,0
SDE,04/12/2010,25.0,25.1,25.0,25.0,5500,27.30,23.90,25.6,-0.60,-2.34,0,0,0
SDE,04/09/2010,24.4,26.1,24.4,25.6,53600,26.10,22.70,24.4,1.20,4.92,0,0,0
SDE,04/08/2010,25.0,25.0,24.0,24.4,14500,25.70,22.50,24.1,0.30,1.24,0,0,0
SDE,04/07/2010,23.1,24.7,23.0,24.1,8500,26.20,22.80,24.5,-0.40,-1.63,0,0,0
SDE,04/06/2010,25.5,25.5,24.0,24.5,9000,26.40,23.00,24.7,-0.20,-0.81,0,0,0
SDE,04/05/2010,25.5,25.5,24.0,24.7,10100,25.50,22.30,23.9,0.80,3.35,5500,0,0
SDE,04/02/2010,23.3,25.8,23.2,23.9,9600,25.80,22.60,24.2,-0.30,-1.24,0,0,0
SDE,04/01/2010,23.0,25.5,23.0,24.2,4300,25.50,22.30,23.9,0.30,1.26,0,0,0
SDE,03/31/2010,23.8,24.0,23.8,23.9,13100,27.20,23.80,25.5,-1.60,-6.27,0,0,0
SDE,03/30/2010,25.7,25.7,25.5,25.5,12200,29.30,25.50,27.4,-1.90,-6.93,0,0,0
SDE,03/29/2010,29.0,29.0,26.6,27.4,27000,30.40,26.60,28.5,-1.10,-3.86,0,0,0
SDE,03/26/2010,26.8,29.9,26.7,28.5,3000,30.30,26.50,28.4,0.10,0.35,0,0,0
SDE,03/25/2010,28.5,28.5,28.3,28.4,6300,32.50,28.30,30.4,-2.00,-6.58,0,0,0
SDE,03/24/2010,30.9,30.9,29.5,30.4,11000,30.90,26.90,28.9,1.50,5.19,0,0,0
SDE,03/23/2010,32.0,32.0,27.5,28.9,74300,0.00,0.00,0.0,28.90,0.00,0,0,0
