MaCK,Ngay,GiaMoCua,GiaCaoNhat,GiaThapNhat,GiaDongCua,KhoiLuongGD,GiaTran,GiaSan,GiaThamChieu,TangGiam,%,GDThoaThuan,NNMua,NNBan
SQC,08/11/2010,114.1,124.0,114.1,114.4,3100,131.10,114.10,122.6,-8.20,-6.69,0,0,0
SQC,08/10/2010,125.0,125.0,114.0,122.6,800,130.30,113.30,121.8,0.80,0.66,0,0,0
SQC,08/09/2010,123.3,123.3,113.6,121.8,800,130.60,113.60,122.1,-0.30,-0.25,0,0,0
SQC,08/06/2010,124.5,124.5,116.0,122.1,1200,132.60,115.40,124.0,-1.90,-1.53,0,0,0
SQC,08/05/2010,124.0,124.0,124.0,124.0,100,133.60,116.20,124.9,-0.90,-0.72,0,0,0
SQC,08/04/2010,124.9,124.9,124.9,124.9,500,133.70,116.30,125.0,-0.10,-0.08,0,0,0
SQC,08/03/2010,125.0,125.0,125.0,125.0,100,134.70,117.10,125.9,-0.90,-0.71,0,0,0
SQC,08/02/2010,125.9,125.9,125.9,125.9,100,133.70,116.30,125.0,0.90,0.72,0,0,0
SQC,07/30/2010,125.0,125.0,125.0,125.0,200,133.60,116.20,124.9,0.10,0.08,0,0,0
SQC,07/29/2010,124.9,124.9,124.9,124.9,200,133.60,116.20,124.9,0.00,0.00,0,0,0
SQC,07/28/2010,124.9,124.9,124.9,124.9,200,133.70,116.30,125.0,-0.10,-0.08,0,0,0
SQC,07/27/2010,125.0,125.0,125.0,125.0,200,133.70,116.30,125.0,0.00,0.00,0,0,0
SQC,07/26/2010,125.0,125.0,125.0,125.0,500,134.80,117.20,126.0,-1.00,-0.79,0,0,0
SQC,07/23/2010,126.0,126.0,126.0,126.0,100,134.80,117.20,126.0,0.00,0.00,0,0,0
SQC,07/22/2010,127.9,127.9,125.0,126.0,300,131.30,114.30,122.8,3.20,2.61,0,0,0
SQC,07/21/2010,117.5,127.9,117.2,122.8,1800,134.80,117.20,126.0,-3.20,-2.54,0,0,0
SQC,07/20/2010,130.9,130.9,120.0,126.0,1100,137.40,119.60,128.5,-2.50,-1.95,0,0,0
SQC,07/19/2010,128.5,128.5,128.5,128.5,200,136.10,118.30,127.2,1.30,1.02,0,0,0
SQC,07/16/2010,127.0,128.0,127.0,127.2,500,134.80,117.20,126.0,1.20,0.95,0,0,0
SQC,07/15/2010,126.0,126.0,126.0,126.0,500,135.80,118.20,127.0,-1.00,-0.79,0,0,0
SQC,07/14/2010,127.0,127.0,127.0,127.0,500,136.90,119.10,128.0,-1.00,-0.78,0,0,0
SQC,07/13/2010,128.0,128.0,127.9,128.0,400,136.90,119.10,128.0,0.00,0.00,0,0,0
SQC,07/12/2010,128.0,128.0,128.0,128.0,100,133.70,116.30,125.0,3.00,2.40,0,0,0
SQC,07/09/2010,125.0,125.0,125.0,125.0,300,134.80,117.20,126.0,-1.00,-0.79,0,0,0
SQC,07/08/2010,126.0,126.0,126.0,126.0,500,133.10,115.70,124.4,1.60,1.29,0,0,0
SQC,07/07/2010,123.0,125.0,123.0,124.4,700,131.60,114.40,123.0,1.40,1.14,0,0,0
SQC,07/06/2010,127.0,127.0,121.0,123.0,1500,135.30,117.70,126.5,-3.50,-2.77,0,0,0
SQC,07/05/2010,126.0,126.9,126.0,126.5,1000,134.80,117.20,126.0,0.50,0.40,0,0,0
SQC,07/02/2010,126.0,126.0,126.0,126.0,100,134.80,117.20,126.0,0.00,0.00,0,0,0
SQC,07/01/2010,126.0,126.0,126.0,126.0,200,134.20,116.80,125.5,0.50,0.40,0,0,0
SQC,06/30/2010,125.5,125.5,125.5,125.5,500,134.40,117.00,125.7,-0.20,-0.16,0,0,0
SQC,06/29/2010,120.0,126.6,120.0,125.7,800,135.60,118.00,126.8,-1.10,-0.87,0,0,0
SQC,06/28/2010,127.0,127.0,126.0,126.8,400,135.60,118.00,126.8,0.00,0.00,0,0,0
SQC,06/25/2010,126.0,127.0,126.0,126.8,1300,134.80,117.20,126.0,0.80,0.63,0,0,0
SQC,06/24/2010,126.0,126.0,126.0,126.0,500,133.20,115.80,124.5,1.50,1.20,0,0,0
SQC,06/23/2010,128.0,129.0,118.0,124.5,3200,134.80,117.20,126.0,-1.50,-1.19,0,0,0
SQC,06/22/2010,126.0,126.0,126.0,126.0,300,135.30,117.70,126.5,-0.50,-0.40,0,0,0
SQC,06/21/2010,134.0,134.0,119.1,126.5,2500,136.90,119.10,128.0,-1.50,-1.17,0,0,0
SQC,06/18/2010,128.0,128.0,128.0,128.0,500,136.10,118.30,127.2,0.80,0.63,0,0,0
SQC,06/17/2010,127.0,128.0,127.0,127.2,600,135.30,117.70,126.5,0.70,0.55,0,0,0
SQC,06/16/2010,130.0,130.0,120.0,126.5,600,136.90,119.10,128.0,-1.50,-1.17,0,0,0
SQC,06/15/2010,128.0,128.0,128.0,128.0,500,136.80,119.00,127.9,0.10,0.08,0,0,0
SQC,06/14/2010,127.9,127.9,127.9,127.9,200,134.20,116.80,125.5,2.40,1.91,0,0,0
SQC,06/11/2010,122.2,129.0,122.2,125.5,500,140.30,122.10,131.2,-5.70,-4.34,0,0,0
SQC,06/10/2010,128.0,136.7,128.0,131.2,2200,136.70,118.90,127.8,3.40,2.66,0,0,0
SQC,06/09/2010,127.8,127.8,127.8,127.8,500,136.80,119.00,127.9,-0.10,-0.08,0,0,0
SQC,06/08/2010,132.6,132.6,124.5,127.9,500,132.60,115.40,124.0,3.90,3.15,0,0,0
SQC,06/07/2010,124.0,124.0,124.0,124.0,500,132.00,114.80,123.4,0.60,0.49,0,0,0
SQC,06/04/2010,125.0,125.0,118.0,123.4,900,133.70,116.30,125.0,-1.60,-1.28,0,0,0
SQC,06/03/2010,0.0,0.0,0.0,125.0,0,133.70,116.30,125.0,0.00,0.00,0,0,0
SQC,06/02/2010,125.0,125.0,125.0,125.0,500,134.80,117.20,126.0,-1.00,-0.79,0,0,0
SQC,06/01/2010,126.0,126.0,126.0,126.0,200,135.30,117.70,126.5,-0.50,-0.40,0,0,0
SQC,05/31/2010,126.5,126.5,126.5,126.5,200,133.70,116.30,125.0,1.50,1.20,0,0,0
SQC,05/28/2010,125.0,125.0,125.0,125.0,100,131.80,114.60,123.2,1.80,1.46,0,0,0
SQC,05/27/2010,125.0,125.5,120.0,123.2,1700,134.20,116.80,125.5,-2.30,-1.83,0,0,0
SQC,05/26/2010,125.5,125.5,125.5,125.5,2000,134.20,116.80,125.5,0.00,0.00,0,0,0
SQC,05/25/2010,125.5,125.5,125.5,125.5,500,134.80,117.20,126.0,-0.50,-0.40,0,0,0
SQC,05/24/2010,126.0,126.0,126.0,126.0,200,133.30,115.90,124.6,1.40,1.12,0,0,0
SQC,05/21/2010,130.0,130.0,123.2,124.6,1500,131.80,114.60,123.2,1.40,1.14,0,0,0
SQC,05/20/2010,123.3,123.3,123.0,123.2,500,131.90,114.70,123.3,-0.10,-0.08,0,0,0
SQC,05/19/2010,135.9,135.9,118.3,123.3,3200,136.10,118.30,127.2,-3.90,-3.07,0,0,0
SQC,05/18/2010,127.9,127.9,118.3,127.2,1500,135.90,118.30,127.1,0.10,0.08,0,0,0
SQC,05/17/2010,133.9,133.9,125.5,127.1,1500,133.90,116.50,125.2,1.90,1.52,0,0,0
SQC,05/14/2010,126.0,126.0,125.0,125.2,600,133.70,116.30,125.0,0.20,0.16,0,0,0
SQC,05/13/2010,125.0,125.0,125.0,125.0,300,133.70,116.30,125.0,0.00,0.00,0,0,0
SQC,05/12/2010,125.0,125.0,125.0,125.0,500,132.30,115.10,123.7,1.30,1.05,0,0,0
SQC,05/11/2010,116.5,124.4,116.5,123.7,2600,133.30,115.90,124.6,-0.90,-0.72,0,0,0
SQC,05/10/2010,133.0,133.0,117.5,124.6,1000,134.20,116.80,125.5,-0.90,-0.72,0,0,0
SQC,05/07/2010,125.5,125.5,125.5,125.5,500,135.30,117.70,126.5,-1.00,-0.79,0,0,0
SQC,05/06/2010,120.0,128.0,120.0,126.5,2700,136.70,118.90,127.8,-1.30,-1.02,0,0,0
SQC,05/05/2010,127.8,127.8,127.8,127.8,1000,137.10,119.30,128.2,-0.40,-0.31,0,0,0
SQC,05/04/2010,129.0,129.0,126.0,128.2,1600,136.70,118.90,127.8,0.40,0.31,0,0,0
SQC,04/29/2010,127.0,128.0,127.0,127.8,500,135.80,118.20,127.0,0.80,0.63,0,0,0
SQC,04/28/2010,127.0,127.0,127.0,127.0,1100,135.50,117.90,126.7,0.30,0.24,0,0,0
SQC,04/27/2010,118.5,127.5,118.5,126.7,1100,136.30,118.50,127.4,-0.70,-0.55,0,0,0
SQC,04/26/2010,130.0,135.8,126.0,127.4,1000,135.80,118.20,127.0,0.40,0.31,0,0,0
SQC,04/22/2010,126.9,127.0,126.9,127.0,500,133.40,116.00,124.7,2.30,1.84,0,0,0
SQC,04/21/2010,125.0,125.0,123.0,124.7,1500,127.80,111.20,119.5,5.20,4.35,0,0,0
SQC,04/20/2010,119.5,119.5,119.5,119.5,200,137.20,119.40,128.3,-8.80,-6.86,0,0,0
SQC,04/19/2010,129.0,129.0,121.1,128.3,1100,138.50,120.50,129.5,-1.20,-0.93,0,0,0
SQC,04/16/2010,129.5,129.5,129.5,129.5,1000,139.70,121.50,130.6,-1.10,-0.84,0,0,0
SQC,04/15/2010,136.0,136.0,129.4,130.6,800,138.00,120.00,129.0,1.60,1.24,0,0,0
SQC,04/14/2010,129.0,129.0,129.0,129.0,500,137.40,119.60,128.5,0.50,0.39,0,0,0
SQC,04/13/2010,130.0,130.0,121.0,128.5,1300,139.10,120.90,130.0,-1.50,-1.15,0,0,0
SQC,04/12/2010,130.0,130.0,130.0,130.0,800,139.50,121.30,130.4,-0.40,-0.31,0,0,0
SQC,04/09/2010,131.0,131.0,129.9,130.4,2500,138.90,120.90,129.9,0.50,0.38,0,0,0
SQC,04/08/2010,129.9,129.9,129.9,129.9,200,137.40,119.60,128.5,1.40,1.09,0,0,0
SQC,04/07/2010,133.9,133.9,122.0,128.5,400,137.90,119.90,128.9,-0.40,-0.31,0,0,0
SQC,04/06/2010,134.9,134.9,128.0,128.9,1400,136.80,119.00,127.9,1.00,0.78,0,0,0
SQC,04/05/2010,127.9,127.9,127.9,127.9,900,136.50,118.70,127.6,0.30,0.24,0,0,0
SQC,04/02/2010,120.5,129.0,120.5,127.6,600,138.00,120.00,129.0,-1.40,-1.09,0,0,0
SQC,04/01/2010,129.0,129.0,129.0,129.0,100,138.00,120.00,129.0,0.00,0.00,0,0,0
SQC,03/31/2010,129.0,129.0,129.0,129.0,500,138.50,120.50,129.5,-0.50,-0.39,0,0,0
SQC,03/30/2010,129.5,129.5,129.5,129.5,2000,139.90,121.70,130.8,-1.30,-0.99,0,0,0
SQC,03/29/2010,130.0,141.9,130.0,130.8,4500,143.10,124.50,133.8,-3.00,-2.24,0,0,0
SQC,03/26/2010,119.0,134.9,119.0,133.8,6300,134.90,117.30,126.1,7.70,6.11,0,4700,0
SQC,03/25/2010,125.1,128.0,125.1,126.1,300,143.70,124.90,134.3,-8.20,-6.11,0,0,0
SQC,03/24/2010,134.0,134.9,134.0,134.3,300,143.30,124.70,134.0,0.30,0.22,0,0,0
SQC,03/23/2010,134.0,134.0,134.0,134.0,600,143.30,124.70,134.0,0.00,0.00,0,0,0
SQC,03/22/2010,134.7,134.7,133.0,134.0,1500,144.10,125.30,134.7,-0.70,-0.52,0,0,0
SQC,03/19/2010,134.4,137.3,134.4,134.7,1900,143.80,125.00,134.4,0.30,0.22,0,0,0
SQC,03/18/2010,127.0,135.6,127.0,134.4,1900,144.90,126.10,135.5,-1.10,-0.81,0,0,0
SQC,03/17/2010,127.0,139.0,127.0,135.5,2600,144.80,126.00,135.4,0.10,0.07,0,0,0
SQC,03/16/2010,140.4,140.4,133.0,135.4,1900,150.20,130.60,140.4,-5.00,-3.56,0,0,0
SQC,03/15/2010,144.9,147.0,138.5,140.4,3500,147.70,128.50,138.1,2.30,1.67,0,0,400
SQC,03/12/2010,147.3,147.3,132.0,138.1,6700,147.30,128.10,137.7,0.40,0.29,0,100,200
SQC,03/11/2010,134.1,143.3,134.0,137.7,500,153.30,133.30,143.3,-5.60,-3.91,0,0,200
SQC,03/10/2010,147.9,147.9,137.1,143.3,500,149.80,130.20,140.0,3.30,2.36,0,0,200
SQC,03/09/2010,141.9,143.9,132.2,140.0,1100,148.50,129.10,138.8,1.20,0.86,0,0,0
SQC,03/08/2010,132.1,147.0,132.1,138.8,900,151.40,131.60,141.5,-2.70,-1.91,0,0,0
SQC,03/05/2010,140.0,149.7,139.1,141.5,2100,158.60,138.00,148.3,-6.80,-4.59,0,0,0
SQC,03/04/2010,153.0,153.0,141.7,148.3,500,162.40,141.20,151.8,-3.50,-2.31,0,0,0
SQC,03/03/2010,156.8,156.8,149.0,151.8,700,157.10,136.70,146.9,4.90,3.34,0,0,0
SQC,03/02/2010,157.9,157.9,141.5,146.9,1000,162.30,141.10,151.7,-4.80,-3.16,0,0,300
SQC,03/01/2010,155.0,155.0,149.8,151.7,400,155.00,134.80,144.9,6.80,4.69,0,0,0
SQC,02/26/2010,142.5,154.3,142.2,144.9,500,163.60,142.20,152.9,-8.00,-5.23,0,0,300
SQC,02/25/2010,152.9,152.9,152.9,152.9,100,156.60,136.20,146.4,6.50,4.44,0,0,0
SQC,02/24/2010,154.9,154.9,138.8,146.4,1400,159.40,138.60,149.0,-2.60,-1.74,0,0,0
SQC,02/23/2010,154.9,154.9,142.5,149.0,700,163.70,142.30,153.0,-4.00,-2.61,0,0,0
SQC,02/22/2010,160.4,167.4,147.0,153.0,900,168.00,146.20,157.1,-4.10,-2.61,0,0,300
SQC,02/12/2010,160.5,160.5,155.9,157.1,400,160.50,139.50,150.0,7.10,4.73,0,0,0
SQC,02/11/2010,147.0,153.0,147.0,150.0,200,168.70,146.70,157.7,-7.70,-4.88,0,0,0
SQC,02/10/2010,157.7,157.7,157.6,157.7,300,157.70,137.10,147.4,10.30,6.99,0,0,0
SQC,02/09/2010,147.9,156.0,136.4,147.4,700,156.80,136.40,146.6,0.80,0.55,0,0,0
SQC,02/08/2010,145.0,149.9,145.0,146.6,300,162.30,141.10,151.7,-5.10,-3.36,0,0,0
SQC,02/05/2010,156.9,156.9,142.2,151.7,400,163.60,142.20,152.9,-1.20,-0.78,0,0,0
SQC,02/04/2010,137.6,155.0,137.6,152.9,1100,158.20,137.60,147.9,5.00,3.38,0,0,0
SQC,02/03/2010,144.0,153.0,143.0,147.9,1700,153.00,133.00,143.0,4.90,3.43,0,400,0
SQC,02/02/2010,139.0,144.0,139.0,143.0,600,145.30,126.30,135.8,7.20,5.30,0,0,0
SQC,02/01/2010,120.7,138.4,120.7,135.8,2400,138.70,120.70,129.7,6.10,4.70,0,0,0
SQC,01/29/2010,125.1,138.8,125.1,129.7,500,143.90,125.10,134.5,-4.80,-3.57,0,0,0
SQC,01/28/2010,130.0,138.9,130.0,134.5,200,143.80,125.00,134.4,0.10,0.07,0,100,0
SQC,01/27/2010,134.4,134.4,134.4,134.4,100,134.40,117.00,125.7,8.70,6.92,0,0,0
SQC,01/26/2010,124.5,130.0,124.5,125.7,4500,130.20,113.20,121.7,4.00,3.29,0,0,0
SQC,01/25/2010,121.1,122.5,121.1,121.7,2500,129.50,112.70,121.1,0.60,0.50,0,0,0
SQC,01/22/2010,120.9,122.1,120.9,121.1,11700,129.30,112.50,120.9,0.20,0.17,0,0,0
SQC,01/21/2010,118.7,134.8,118.7,120.9,11800,136.50,118.70,127.6,-6.70,-5.25,0,100,0
SQC,01/20/2010,126.9,129.9,126.9,127.6,4400,145.90,126.90,136.4,-8.80,-6.45,0,0,100
SQC,01/19/2010,138.0,138.0,133.8,136.4,1600,153.80,133.80,143.8,-7.40,-5.15,0,0,0
SQC,01/18/2010,144.8,144.8,138.8,143.8,5300,159.60,138.80,149.2,-5.40,-3.62,0,0,0
SQC,01/15/2010,150.5,150.5,146.5,149.2,17500,159.90,139.10,149.5,-0.30,-0.20,0,500,0
SQC,01/14/2010,149.0,149.8,149.0,149.5,49000,159.80,139.00,149.4,0.10,0.07,0,0,0
SQC,01/13/2010,149.6,149.6,141.5,149.4,15900,162.70,141.50,152.1,-2.70,-1.78,0,0,0
SQC,01/12/2010,153.0,153.3,142.6,152.1,14300,164.00,142.60,153.3,-1.20,-0.78,0,500,0
SQC,01/11/2010,153.8,153.8,143.3,153.3,92600,164.20,142.80,153.5,-0.20,-0.13,0,0,0
SQC,01/08/2010,155.3,155.3,144.4,153.5,214400,166.00,144.40,155.2,-1.70,-1.10,0,0,0
SQC,01/07/2010,157.1,157.1,146.2,155.2,217000,168.00,146.20,157.1,-1.90,-1.21,0,500,0
SQC,01/06/2010,161.0,161.0,148.8,157.1,165500,170.90,148.70,159.8,-2.70,-1.69,0,0,0
SQC,01/05/2010,160.0,161.5,153.0,159.8,240600,163.00,141.80,152.4,7.40,4.86,0,100,0
SQC,01/04/2010,149.5,160.0,149.5,152.4,410400,160.00,139.20,149.6,2.80,1.87,0,0,0
SQC,12/31/2009,140.0,149.7,140.0,149.6,489400,149.80,130.20,140.0,9.60,6.86,0,0,0
SQC,12/30/2009,140.4,140.4,131.4,140.0,120600,140.40,122.20,131.3,8.70,6.63,0,0,0
SQC,12/29/2009,138.6,138.6,129.4,131.3,127200,138.60,120.60,129.6,1.70,1.31,0,0,0
SQC,12/28/2009,129.6,129.6,129.6,129.6,106800,129.60,112.80,121.2,8.40,6.93,0,0,0
SQC,12/25/2009,121.2,121.2,121.2,121.2,197900,121.20,105.40,113.3,7.90,6.97,0,0,0
SQC,12/24/2009,113.3,113.3,113.3,113.3,102600,113.30,98.50,105.9,7.40,6.99,0,0,0
SQC,12/23/2009,105.9,105.9,105.9,105.9,20000,105.90,92.10,99.0,6.90,6.97,0,0,0
SQC,12/22/2009,99.0,99.0,99.0,99.0,9000,99.00,86.20,92.6,6.40,6.91,0,0,0
SQC,12/21/2009,92.6,92.6,92.6,92.6,100,92.60,80.60,86.6,6.00,6.93,0,0,0
SQC,12/18/2009,86.6,86.6,86.6,86.6,6000,86.60,75.40,81.0,5.60,6.91,0,0,0
SQC,12/17/2009,81.0,81.0,81.0,81.0,5000,0.00,0.00,0.0,81.00,0.00,0,0,0
