MaCK,Ngay,GiaMoCua,GiaCaoNhat,GiaThapNhat,GiaDongCua,KhoiLuongGD,GiaTran,GiaSan,GiaThamChieu,TangGiam,%,GDThoaThuan,NNMua,NNBan
TLH,08/11/2010,16.8,16.9,16.4,16.5,336950,17.40,15.80,16.6,-0.10,-0.60,0,1010,0
TLH,08/10/2010,16.9,17.0,16.1,16.6,493950,17.60,16.00,16.8,-0.20,-1.19,0,0,0
TLH,08/09/2010,17.6,17.7,16.8,16.8,313720,18.20,16.60,17.4,-0.60,-3.45,60000,0,0
TLH,08/06/2010,17.6,17.6,17.0,17.4,852990,18.60,17.00,17.8,-0.40,-2.25,0,1000,0
TLH,08/05/2010,18.0,18.1,17.7,17.8,257250,18.70,17.10,17.9,-0.10,-0.56,0,950,0
TLH,08/04/2010,18.4,18.5,17.6,17.9,320720,19.40,17.60,18.5,-0.60,-3.24,0,2250,0
TLH,08/03/2010,18.9,19.0,18.5,18.5,168990,19.70,17.90,18.8,-0.30,-1.60,150000,100,0
TLH,08/02/2010,18.8,19.1,18.8,18.8,303680,19.80,18.00,18.9,-0.10,-0.53,0,10000,0
TLH,07/30/2010,19.1,19.3,18.9,18.9,155830,19.80,18.00,18.9,0.00,0.00,0,0,0
TLH,07/29/2010,19.0,19.3,18.7,18.9,184630,19.90,18.10,19.0,-0.10,-0.53,0,0,0
TLH,07/28/2010,19.9,20.0,19.0,19.0,522730,21.00,19.00,20.0,-1.00,-5.00,0,600,0
TLH,07/27/2010,20.4,20.5,20.0,20.0,194490,21.30,19.30,20.3,-0.30,-1.48,134520,0,0
TLH,07/26/2010,20.5,20.6,20.2,20.3,214530,21.10,19.10,20.1,0.20,1.00,0,3250,0
TLH,07/23/2010,20.4,20.4,20.0,20.1,495650,21.20,19.20,20.2,-0.10,-0.50,0,50,0
TLH,07/22/2010,20.5,20.5,20.1,20.2,396300,21.50,19.50,20.5,-0.30,-1.46,0,2000,0
TLH,07/21/2010,20.7,20.7,20.5,20.5,302750,21.70,19.70,20.7,-0.20,-0.97,0,0,0
TLH,07/20/2010,20.8,21.1,20.7,20.7,287260,21.80,19.80,20.8,-0.10,-0.48,0,0,0
TLH,07/19/2010,21.0,21.0,20.8,20.8,112990,22.00,20.00,21.0,-0.20,-0.95,0,1000,0
TLH,07/16/2010,21.3,21.4,21.0,21.0,262310,22.10,20.10,21.1,-0.10,-0.47,0,0,0
TLH,07/15/2010,20.8,21.6,20.7,21.1,482640,21.70,19.70,20.7,0.40,1.93,0,0,0
TLH,07/14/2010,21.5,21.5,20.7,20.7,432990,22.30,20.30,21.3,-0.60,-2.82,20000,0,0
TLH,07/13/2010,21.1,21.7,20.8,21.3,302890,22.10,20.10,21.1,0.20,0.95,0,0,0
TLH,07/12/2010,21.0,21.1,20.7,21.1,87180,22.00,20.00,21.0,0.10,0.48,0,0,0
TLH,07/09/2010,21.1,21.5,20.9,21.0,342400,22.40,20.40,21.4,-0.40,-1.87,0,0,0
TLH,07/08/2010,21.0,21.6,20.8,21.4,1019820,21.60,19.60,20.6,0.80,3.88,0,0,0
TLH,07/07/2010,21.2,21.2,20.6,20.6,412430,21.50,19.50,20.5,0.10,0.49,0,0,0
TLH,07/06/2010,20.5,20.6,20.3,20.5,388440,21.50,19.50,20.5,0.00,0.00,0,10100,0
TLH,07/05/2010,20.5,20.9,20.3,20.5,241900,21.50,19.50,20.5,0.00,0.00,0,0,0
TLH,07/02/2010,20.5,20.6,20.4,20.5,234650,21.50,19.50,20.5,0.00,0.00,20000,0,0
TLH,07/01/2010,20.7,20.8,20.4,20.5,203520,21.50,19.50,20.5,0.00,0.00,0,0,0
TLH,06/30/2010,20.5,20.8,20.4,20.5,342410,22.10,20.10,21.1,-0.60,-2.84,20000,0,0
TLH,06/29/2010,21.0,21.5,21.0,21.1,372390,21.90,19.90,20.9,0.20,0.96,281000,0,0
TLH,06/28/2010,21.0,21.7,20.8,20.9,348910,22.20,20.20,21.2,-0.30,-1.42,0,100,0
TLH,06/25/2010,21.3,21.5,21.2,21.2,253580,22.70,20.70,21.7,-0.50,-2.30,0,0,0
TLH,06/24/2010,21.8,21.9,21.6,21.7,406170,22.80,20.80,21.8,-0.10,-0.46,0,100,0
TLH,06/23/2010,21.8,22.1,21.7,21.8,399850,23.20,21.00,22.1,-0.30,-1.36,0,20000,0
TLH,06/22/2010,21.5,22.5,21.3,22.1,1664030,22.50,20.50,21.5,0.60,2.79,0,0,5000
TLH,06/21/2010,21.5,21.6,21.3,21.5,437120,22.50,20.50,21.5,0.00,0.00,0,7370,0
TLH,06/18/2010,22.0,22.0,21.5,21.5,359310,22.70,20.70,21.7,-0.20,-0.92,0,0,0
TLH,06/17/2010,22.1,22.5,21.7,21.7,396800,23.50,21.30,22.4,-0.70,-3.13,0,0,100
TLH,06/16/2010,22.4,22.5,22.1,22.4,519430,22.80,20.80,21.8,0.60,2.75,0,0,5000
TLH,06/15/2010,21.3,21.8,21.3,21.8,588880,22.20,20.20,21.2,0.60,2.83,0,0,10000
TLH,06/14/2010,21.4,21.7,21.2,21.2,311300,22.50,20.50,21.5,-0.30,-1.40,0,0,8000
TLH,06/11/2010,21.5,21.9,21.4,21.5,206770,22.50,20.50,21.5,0.00,0.00,0,0,0
TLH,06/10/2010,21.5,21.7,21.3,21.5,299470,22.50,20.50,21.5,0.00,0.00,0,160,0
TLH,06/09/2010,22.0,22.1,21.5,21.5,204610,22.80,20.80,21.8,-0.30,-1.38,30000,0,0
TLH,06/08/2010,21.1,22.0,21.0,21.8,242840,22.50,20.50,21.5,0.30,1.40,50000,8000,0
TLH,06/07/2010,21.8,22.0,21.5,21.5,515010,23.70,21.50,22.6,-1.10,-4.87,0,0,1000
TLH,06/04/2010,23.2,23.5,22.6,22.6,344960,24.50,22.30,23.4,-0.80,-3.42,0,0,10400
TLH,06/03/2010,23.6,23.9,23.3,23.4,447600,24.50,22.30,23.4,0.00,0.00,0,0,5000
TLH,06/02/2010,23.1,23.7,22.9,23.4,429490,24.80,22.60,23.7,-0.30,-1.27,25000,0,0
TLH,06/01/2010,23.2,23.7,22.9,23.7,599350,24.80,22.60,23.7,0.00,0.00,0,0,0
TLH,05/31/2010,23.9,24.5,23.0,23.7,1289950,24.50,22.30,23.4,0.30,1.28,0,10400,0
TLH,05/28/2010,23.4,23.4,23.4,23.4,804440,23.40,21.20,22.3,1.10,4.93,0,0,0
TLH,05/27/2010,22.3,22.3,21.6,22.3,1192910,22.30,20.30,21.3,1.00,4.69,0,0,0
TLH,05/26/2010,21.3,21.3,21.3,21.3,240820,21.30,19.30,20.3,1.00,4.93,0,0,0
TLH,05/25/2010,20.4,21.3,20.3,20.3,875220,22.30,20.30,21.3,-1.00,-4.69,0,0,0
TLH,05/24/2010,22.0,22.4,21.3,21.3,714950,23.50,21.30,22.4,-1.10,-4.91,20000,0,0
TLH,05/21/2010,22.4,22.5,22.4,22.4,372760,24.60,22.40,23.5,-1.10,-4.68,0,5000,0
TLH,05/20/2010,22.9,23.8,22.8,23.5,878630,25.20,22.80,24.0,-0.50,-2.08,0,0,10000
TLH,05/19/2010,24.5,25.1,24.0,24.0,635670,26.40,24.00,25.2,-1.20,-4.76,0,0,0
TLH,05/18/2010,25.7,25.7,24.9,25.2,582220,26.70,24.30,25.5,-0.30,-1.18,0,0,0
TLH,05/17/2010,26.8,26.8,25.6,26.0,266330,28.10,25.50,26.8,-0.80,-2.99,0,0,0
TLH,05/14/2010,26.8,26.8,26.0,26.8,467360,27.30,24.70,26.0,0.80,3.08,30000,0,0
TLH,05/13/2010,27.0,27.4,26.0,26.0,381310,27.90,25.30,26.6,-0.60,-2.26,0,0,0
TLH,05/12/2010,27.0,27.3,26.6,26.6,895510,29.40,26.60,28.0,-1.40,-5.00,20000,0,0
TLH,05/11/2010,28.6,28.6,28.0,28.0,529190,29.60,26.80,28.2,-0.20,-0.71,40000,600,0
TLH,05/10/2010,29.1,29.2,28.2,28.2,430030,30.90,28.10,29.5,-1.30,-4.41,94000,40,0
TLH,05/07/2010,29.6,30.1,29.0,29.5,602380,31.90,28.90,30.4,-0.90,-2.96,0,1000,0
TLH,05/06/2010,29.9,30.4,29.8,30.4,1905740,30.40,27.60,29.0,1.40,4.83,20000,10000,2000
TLH,05/05/2010,29.0,29.4,28.5,29.0,601970,30.70,27.90,29.3,-0.30,-1.02,0,0,0
TLH,05/04/2010,29.5,30.0,29.1,29.3,732720,30.50,27.70,29.1,0.20,0.69,0,0,79000
TLH,04/29/2010,29.4,29.4,28.9,29.1,834890,30.40,27.60,29.0,0.10,0.34,0,2000,0
TLH,04/28/2010,29.0,29.5,29.0,29.0,672160,30.70,27.90,29.3,-0.30,-1.02,0,0,0
TLH,04/27/2010,29.6,30.0,29.2,29.3,465260,31.00,28.20,29.6,-0.30,-1.01,114320,0,0
TLH,04/26/2010,30.6,30.8,29.6,29.6,609710,32.10,29.10,30.6,-1.00,-3.27,0,0,0
TLH,04/22/2010,31.0,31.9,30.6,30.6,905520,32.20,29.20,30.7,-0.10,-0.33,0,0,0
TLH,04/21/2010,31.0,31.1,30.7,30.7,370040,32.40,29.40,30.9,-0.20,-0.65,38000,0,0
TLH,04/20/2010,30.8,31.5,30.8,30.9,853300,32.40,29.40,30.9,0.00,0.00,0,0,0
TLH,04/19/2010,31.5,31.5,30.6,30.9,817030,33.00,30.00,31.5,-0.60,-1.90,0,800,0
TLH,04/16/2010,30.7,31.9,30.7,31.5,1448390,32.20,29.20,30.7,0.80,2.61,0,0,2000
TLH,04/15/2010,31.0,31.0,30.5,30.7,724520,32.00,29.00,30.5,0.20,0.66,0,0,1990
TLH,04/14/2010,30.5,30.8,29.8,30.5,642910,31.50,28.50,30.0,0.50,1.67,0,0,0
TLH,04/13/2010,30.8,31.0,30.0,30.0,716250,32.30,29.30,30.8,-0.80,-2.60,0,0,0
TLH,04/12/2010,31.1,31.4,30.7,30.8,911410,32.60,29.60,31.1,-0.30,-0.96,30000,10000,0
TLH,04/09/2010,32.0,32.1,31.1,31.1,1085380,33.60,30.40,32.0,-0.90,-2.81,38000,10000,0
TLH,04/08/2010,32.4,32.6,31.9,32.0,1204200,33.90,30.70,32.3,-0.30,-0.93,30000,0,5000
TLH,04/07/2010,32.1,32.9,31.0,32.3,1208140,33.40,30.40,31.9,0.40,1.25,0,1400,10000
TLH,04/06/2010,31.9,31.9,31.7,31.9,2669790,31.90,28.90,30.4,1.50,4.93,0,0,0
TLH,04/05/2010,30.4,30.4,30.4,30.4,1184610,30.40,27.60,29.0,1.40,4.83,20000,0,0
TLH,04/02/2010,29.1,29.7,28.8,29.0,411120,30.40,27.60,29.0,0.00,0.00,0,14000,0
TLH,04/01/2010,28.8,29.5,28.0,29.0,367970,30.40,27.60,29.0,0.00,0.00,0,15100,0
TLH,03/31/2010,30.3,30.3,29.0,29.0,471070,31.50,28.50,30.0,-1.00,-3.33,0,51000,0
TLH,03/30/2010,29.5,30.9,29.4,30.0,1352640,30.90,28.10,29.5,0.50,1.69,0,13990,1000
TLH,03/29/2010,30.0,30.1,29.5,29.5,927490,32.50,29.50,31.0,-1.50,-4.84,0,0,0
TLH,03/26/2010,31.0,31.0,29.5,31.0,611670,32.50,29.50,31.0,0.00,0.00,0,1300,0
TLH,03/25/2010,31.0,31.0,30.5,31.0,1242520,31.00,28.20,29.6,1.40,4.73,0,0,0
TLH,03/24/2010,29.6,29.6,29.6,29.6,1381290,29.60,26.80,28.2,1.40,4.96,120000,300,0
TLH,03/23/2010,29.1,29.7,28.2,28.2,1278160,31.00,28.20,29.6,-1.40,-4.73,0,100,0
TLH,03/22/2010,30.8,31.5,29.6,29.6,321290,32.40,29.40,30.9,-1.30,-4.21,0,0,0
TLH,03/19/2010,31.5,32.0,30.9,30.9,505910,34.10,30.90,32.5,-1.60,-4.92,0,2600,0
TLH,03/18/2010,33.0,33.0,31.8,32.5,219340,34.60,31.40,33.0,-0.50,-1.52,0,0,0
TLH,03/17/2010,34.7,34.7,33.0,33.0,267090,36.40,33.00,34.7,-1.70,-4.90,0,100,0
TLH,03/16/2010,34.9,35.0,33.0,34.7,1718980,36.00,24.00,0.0,34.70,0.00,0,1000,0
