MaCK,Ngay,GiaMoCua,GiaCaoNhat,GiaThapNhat,GiaDongCua,KhoiLuongGD,GiaTran,GiaSan,GiaThamChieu,TangGiam,%,GDThoaThuan,NNMua,NNBan
VBC,08/11/2010,68.6,69.8,68.6,69.4,18100,73.50,63.90,68.7,0.70,1.02,0,0,1100
VBC,08/10/2010,67.0,68.9,67.0,68.7,11100,68.90,59.90,64.4,4.30,6.68,0,0,0
VBC,08/09/2010,64.5,64.5,64.2,64.4,1000,73.80,64.20,69.0,-4.60,-6.67,0,0,0
VBC,08/06/2010,0.0,0.0,0.0,69.0,0,73.80,64.20,69.0,0.00,0.00,0,0,0
VBC,08/05/2010,69.0,69.1,69.0,69.0,3000,74.00,64.40,69.2,-0.20,-0.29,0,0,0
VBC,08/04/2010,70.0,70.0,68.9,69.2,400,73.70,64.10,68.9,0.30,0.44,0,0,0
VBC,08/03/2010,69.0,69.0,68.6,68.9,2500,74.30,64.70,69.5,-0.60,-0.86,0,0,0
VBC,08/02/2010,68.0,70.0,68.0,69.5,3900,70.00,61.00,65.5,4.00,6.11,0,0,2500
VBC,07/30/2010,65.6,65.6,65.4,65.5,10500,68.20,59.40,63.8,1.70,2.66,0,0,0
VBC,07/29/2010,62.0,64.6,61.9,63.8,11500,69.10,60.10,64.6,-0.80,-1.24,0,0,0
VBC,07/28/2010,64.5,64.9,64.0,64.6,9500,68.90,59.90,64.4,0.20,0.31,0,0,1500
VBC,07/27/2010,64.4,64.4,64.4,64.4,10500,68.90,59.90,64.4,0.00,0.00,0,0,0
VBC,07/26/2010,64.4,64.4,64.0,64.4,10000,68.90,59.90,64.4,0.00,0.00,0,0,0
VBC,07/23/2010,62.0,65.0,62.0,64.4,25600,65.00,56.60,60.8,3.60,5.92,0,0,6500
VBC,07/22/2010,62.0,64.0,58.0,60.8,11500,64.00,55.80,59.9,0.90,1.50,0,0,3500
VBC,07/21/2010,59.9,59.9,59.8,59.9,10000,64.50,56.10,60.3,-0.40,-0.66,0,0,0
VBC,07/20/2010,60.7,60.7,60.0,60.3,10700,64.90,56.50,60.7,-0.40,-0.66,0,0,0
VBC,07/19/2010,62.0,62.0,60.1,60.7,10400,64.30,55.90,60.1,0.60,1.00,0,0,1100
VBC,07/16/2010,60.1,63.7,59.4,60.1,14200,68.10,59.30,63.7,-3.60,-5.65,0,0,0
VBC,07/15/2010,60.2,64.3,60.2,63.7,3500,68.80,59.80,64.3,-0.60,-0.93,0,0,0
VBC,07/14/2010,66.2,66.2,62.9,64.3,13900,66.90,58.30,62.6,1.70,2.72,0,0,0
VBC,07/13/2010,59.3,63.1,59.3,62.6,22100,63.10,54.90,59.0,3.60,6.10,0,500,0
VBC,07/12/2010,58.2,60.0,58.2,59.0,8000,65.60,57.20,61.4,-2.40,-3.91,0,0,0
VBC,07/09/2010,60.0,62.4,60.0,61.4,30400,62.40,54.40,58.4,3.00,5.14,0,0,0
VBC,07/08/2010,56.6,60.5,56.0,58.4,47800,60.50,52.70,56.6,1.80,3.18,0,0,0
VBC,07/07/2010,56.7,57.0,56.0,56.6,31500,60.60,52.80,56.7,-0.10,-0.18,0,0,0
VBC,07/06/2010,58.0,58.0,55.0,56.7,12700,62.30,54.30,58.3,-1.60,-2.74,0,0,0
VBC,07/05/2010,58.5,58.5,58.0,58.3,4200,62.50,54.50,58.5,-0.20,-0.34,0,0,0
VBC,07/02/2010,58.6,58.6,58.5,58.5,500,67.10,58.50,62.8,-4.30,-6.85,0,0,0
VBC,07/01/2010,63.5,63.5,59.0,62.8,30200,67.80,59.00,63.4,-0.60,-0.95,0,0,0
VBC,06/30/2010,62.0,63.4,62.0,63.4,45400,63.40,55.20,59.3,4.10,6.91,0,0,0
VBC,06/29/2010,59.0,59.4,59.0,59.3,27200,59.40,51.80,55.6,3.70,6.65,0,0,0
VBC,06/28/2010,55.1,55.6,55.1,55.6,32500,55.60,48.40,52.0,3.60,6.92,0,0,0
VBC,06/25/2010,50.3,53.9,50.1,52.0,37100,53.90,46.90,50.4,1.60,3.17,0,0,0
VBC,06/24/2010,54.0,54.8,47.8,50.4,58400,54.80,47.80,51.3,-0.90,-1.75,0,0,0
VBC,06/23/2010,50.5,53.6,50.0,51.3,80200,53.60,46.60,50.1,1.20,2.40,0,0,0
VBC,06/22/2010,50.0,50.1,50.0,50.1,126300,50.10,43.70,46.9,3.20,6.82,0,0,0
VBC,06/21/2010,46.9,46.9,46.9,46.9,48800,46.90,40.90,43.9,3.00,6.83,0,0,0
VBC,06/18/2010,41.9,44.2,41.5,43.9,91800,44.20,38.60,41.4,2.50,6.04,0,0,0
VBC,06/17/2010,41.4,41.4,41.0,41.4,5000,41.40,36.00,38.7,2.70,6.98,0,0,0
VBC,06/16/2010,37.1,41.5,37.1,38.7,34800,41.50,36.10,38.8,-0.10,-0.26,0,0,0
VBC,06/15/2010,38.8,41.5,38.8,38.8,24600,41.90,36.50,39.2,-0.40,-1.02,0,0,0
VBC,06/14/2010,40.0,40.5,39.0,39.2,34100,44.80,39.00,41.9,-2.70,-6.44,0,0,0
VBC,06/11/2010,44.0,44.0,41.5,41.9,6000,44.70,38.90,41.8,0.10,0.24,0,0,0
VBC,06/10/2010,42.0,42.0,41.4,41.8,6500,44.20,38.60,41.4,0.40,0.97,0,0,0
VBC,06/09/2010,41.0,41.8,40.6,41.4,18200,43.40,37.80,40.6,0.80,1.97,0,0,0
VBC,06/08/2010,38.2,41.8,38.0,40.6,54100,42.50,37.10,39.8,0.80,2.01,0,0,0
VBC,06/07/2010,39.7,40.0,39.7,39.8,13900,42.40,37.00,39.7,0.10,0.25,0,0,0
VBC,06/04/2010,39.2,40.0,39.0,39.7,20700,41.90,36.50,39.2,0.50,1.28,0,0,0
VBC,06/03/2010,40.1,40.1,39.0,39.2,1000,42.80,37.20,40.0,-0.80,-2.00,0,0,0
VBC,06/02/2010,38.1,40.5,38.0,40.0,60000,42.00,36.60,39.3,0.70,1.78,0,0,0
VBC,06/01/2010,39.0,40.0,39.0,39.3,17100,41.70,36.30,39.0,0.30,0.77,0,0,0
VBC,05/31/2010,39.0,39.0,39.0,39.0,100,41.00,35.80,38.4,0.60,1.56,0,0,0
VBC,05/28/2010,37.0,40.0,37.0,38.4,4800,40.70,35.50,38.1,0.30,0.79,0,0,0
VBC,05/27/2010,0.0,0.0,0.0,38.1,0,40.70,35.50,38.1,0.00,0.00,0,0,0
VBC,05/26/2010,36.3,39.5,36.3,38.1,5700,41.70,36.30,39.0,-0.90,-2.31,0,0,0
VBC,05/25/2010,39.0,39.0,39.0,39.0,100,40.20,35.00,37.6,1.40,3.72,0,0,0
VBC,05/24/2010,37.6,37.7,37.6,37.6,3000,37.70,32.90,35.3,2.30,6.52,0,0,0
VBC,05/21/2010,35.9,36.0,34.9,35.3,8100,38.60,33.60,36.1,-0.80,-2.22,0,0,0
VBC,05/20/2010,38.2,38.2,35.9,36.1,6100,41.10,35.90,38.5,-2.40,-6.23,0,0,0
VBC,05/19/2010,41.0,41.0,38.2,38.5,11600,43.80,38.20,41.0,-2.50,-6.10,0,0,0
VBC,05/18/2010,0.0,0.0,0.0,41.0,0,43.80,38.20,41.0,0.00,0.00,0,0,0
VBC,05/17/2010,41.0,41.0,41.0,41.0,10400,41.70,36.30,39.0,2.00,5.13,0,0,0
VBC,05/14/2010,38.9,41.5,38.9,39.0,8600,41.50,36.10,38.8,0.20,0.52,0,0,0
VBC,05/13/2010,38.9,38.9,38.7,38.8,1100,42.80,37.20,40.0,-1.20,-3.00,0,0,0
VBC,05/12/2010,40.1,40.1,39.6,40.0,12300,45.10,39.30,42.2,-2.20,-5.21,0,0,0
VBC,05/11/2010,42.8,42.8,40.7,42.2,13500,43.30,37.70,40.5,1.70,4.20,0,0,0
VBC,05/10/2010,41.5,41.5,40.0,40.5,8800,45.60,39.80,42.7,-2.20,-5.15,0,4000,0
VBC,05/07/2010,44.9,44.9,41.0,42.7,17500,44.90,39.10,42.0,0.70,1.67,0,0,0
VBC,05/06/2010,42.0,43.1,40.3,42.0,54400,43.10,37.50,40.3,1.70,4.22,0,5000,0
VBC,05/05/2010,40.0,41.5,39.5,40.3,23300,42.80,37.20,40.0,0.30,0.75,0,2000,0
VBC,05/04/2010,40.2,40.2,39.2,40.0,26600,40.20,35.00,37.6,2.40,6.38,0,2100,0
VBC,04/29/2010,37.0,38.4,36.5,37.6,23100,38.40,33.40,35.9,1.70,4.74,0,0,0
VBC,04/28/2010,37.0,37.0,35.6,35.9,4700,40.00,34.80,37.4,-1.50,-4.01,0,1200,0
VBC,04/27/2010,37.0,37.5,37.0,37.4,2400,40.60,35.40,38.0,-0.60,-1.58,0,2000,0
VBC,04/26/2010,38.0,38.0,37.9,38.0,800,40.10,34.90,37.5,0.50,1.33,0,0,0
VBC,04/22/2010,39.5,39.5,36.0,37.5,700,40.80,35.60,38.2,-0.70,-1.83,0,0,0
VBC,04/21/2010,37.1,38.9,37.1,38.2,5000,39.30,34.30,36.8,1.40,3.80,0,0,0
VBC,04/20/2010,35.0,37.0,35.0,36.8,8400,37.00,32.20,34.6,2.20,6.36,0,0,0
VBC,04/19/2010,35.0,35.1,34.2,34.6,15400,39.20,34.20,36.7,-2.10,-5.72,0,1000,0
VBC,04/16/2010,38.0,38.0,36.0,36.7,5400,40.30,35.10,37.7,-1.00,-2.65,0,0,0
VBC,04/15/2010,35.7,38.0,35.7,37.7,1400,40.10,34.90,37.5,0.20,0.53,0,0,0
VBC,04/14/2010,37.8,37.8,37.1,37.5,3100,39.30,34.30,36.8,0.70,1.90,0,0,0
VBC,04/13/2010,37.0,37.0,36.0,36.8,11100,39.30,34.30,36.8,0.00,0.00,0,0,0
VBC,04/12/2010,37.6,38.1,37.2,37.8,12400,41.00,35.80,38.4,-0.60,-1.56,0,1100,0
VBC,04/09/2010,38.0,39.0,38.0,38.4,9800,40.90,35.70,38.3,0.10,0.26,0,5700,0
VBC,04/08/2010,39.5,39.5,38.1,38.3,10900,40.70,35.50,38.1,0.20,0.52,0,0,0
VBC,04/07/2010,39.0,39.0,36.6,38.1,6100,39.80,34.60,37.2,0.90,2.42,0,0,0
VBC,04/06/2010,38.0,38.0,35.5,37.2,13400,40.60,35.40,38.0,-0.80,-2.11,0,0,0
VBC,04/05/2010,38.1,38.1,37.8,38.0,12200,43.00,37.40,40.2,-2.20,-5.47,0,0,0
VBC,04/02/2010,41.0,41.8,38.0,40.2,7100,42.50,37.10,39.8,0.40,1.01,0,0,0
VBC,04/01/2010,40.3,40.6,38.1,39.8,18300,40.60,35.40,38.0,1.80,4.74,0,0,0
VBC,03/31/2010,40.0,40.0,37.4,38.0,700,40.00,34.80,37.4,0.60,1.60,0,0,0
VBC,03/30/2010,41.0,41.0,37.1,37.4,19200,42.50,37.10,39.8,-2.40,-6.03,0,0,0
VBC,03/29/2010,41.0,41.0,39.5,39.8,15800,45.30,39.50,42.4,-2.60,-6.13,0,0,0
VBC,03/26/2010,44.7,44.7,40.5,42.4,8100,45.30,39.50,42.4,0.00,0.00,0,0,0
VBC,03/25/2010,46.0,46.0,42.2,42.4,28200,48.40,42.20,45.3,-2.90,-6.40,0,0,0
VBC,03/24/2010,45.3,45.3,45.0,45.3,40000,45.30,39.50,42.4,2.90,6.84,0,0,0
VBC,03/23/2010,42.0,43.0,41.0,42.4,59000,43.00,37.40,40.2,2.20,5.47,0,0,0
VBC,03/22/2010,39.0,41.3,38.6,40.2,66300,41.30,35.90,38.6,1.60,4.15,0,0,0
VBC,03/19/2010,36.5,41.0,36.5,38.6,24500,41.30,35.90,38.6,0.00,0.00,0,0,0
VBC,03/18/2010,38.5,40.0,38.4,38.6,5400,44.00,38.40,41.2,-2.60,-6.31,0,0,0
VBC,03/17/2010,31.0,45.0,31.0,41.2,33500,0.00,0.00,0.0,41.20,0.00,0,0,0
