MaCK,Ngay,GiaMoCua,GiaCaoNhat,GiaThapNhat,GiaDongCua,KhoiLuongGD,GiaTran,GiaSan,GiaThamChieu,TangGiam,%,GDThoaThuan,NNMua,NNBan
VCM,08/11/2010,42.3,42.4,40.0,41.7,45900,44.20,38.60,41.4,0.30,0.72,0,0,0
VCM,08/10/2010,41.5,42.1,40.0,41.4,32500,44.70,38.90,41.8,-0.40,-0.96,0,0,0
VCM,08/09/2010,41.5,42.5,40.2,41.8,19400,44.80,39.00,41.9,-0.10,-0.24,6000,0,0
VCM,08/06/2010,42.0,42.5,41.5,41.9,38500,44.40,38.60,41.5,0.40,0.96,0,0,0
VCM,08/05/2010,41.0,42.0,40.0,41.5,103900,44.60,38.80,41.7,-0.20,-0.48,0,0,0
VCM,08/04/2010,41.0,42.8,40.8,41.7,22600,46.70,40.70,43.7,-2.00,-4.58,0,0,0
VCM,08/03/2010,45.0,45.0,42.0,43.7,18100,45.60,39.80,42.7,1.00,2.34,0,0,0
VCM,08/02/2010,45.0,45.0,41.6,42.7,12600,46.90,40.90,43.9,-1.20,-2.73,0,0,0
VCM,07/30/2010,42.1,45.3,42.1,43.9,26800,47.80,41.60,44.7,-0.80,-1.79,0,0,0
VCM,07/29/2010,44.7,44.7,44.7,44.7,1000,46.20,40.20,43.2,1.50,3.47,0,0,0
VCM,07/28/2010,44.1,44.1,42.5,43.2,17900,48.10,41.90,45.0,-1.80,-4.00,0,0,0
VCM,07/27/2010,46.8,46.8,44.0,45.0,30000,49.80,43.40,46.6,-1.60,-3.43,0,0,0
VCM,07/26/2010,46.9,46.9,46.5,46.6,4000,49.00,42.60,45.8,0.80,1.75,0,0,0
VCM,07/23/2010,46.9,48.5,45.0,45.8,22300,49.10,42.70,45.9,-0.10,-0.22,0,0,0
VCM,07/22/2010,46.9,46.9,45.0,45.9,7000,49.80,43.40,46.6,-0.70,-1.50,0,0,0
VCM,07/21/2010,47.0,47.0,45.2,46.6,15700,51.30,44.70,48.0,-1.40,-2.92,0,0,0
VCM,07/20/2010,48.0,48.0,48.0,48.0,2000,49.70,43.30,46.5,1.50,3.23,0,0,0
VCM,07/19/2010,46.5,46.5,46.5,46.5,7000,49.70,43.30,46.5,0.00,0.00,0,0,0
VCM,07/16/2010,46.5,46.5,46.5,46.5,11500,49.50,43.10,46.3,0.20,0.43,0,0,0
VCM,07/15/2010,47.0,47.0,45.6,46.3,25000,50.30,43.90,47.1,-0.80,-1.70,0,0,0
VCM,07/14/2010,46.4,47.5,46.4,47.1,47700,49.70,43.30,46.5,0.60,1.29,0,0,0
VCM,07/13/2010,46.4,46.7,46.4,46.5,7000,49.20,42.80,46.0,0.50,1.09,0,0,0
VCM,07/12/2010,46.0,46.0,46.0,46.0,7000,48.80,42.60,45.7,0.30,0.66,0,0,0
VCM,07/09/2010,46.5,46.5,45.5,45.7,13700,49.70,43.30,46.5,-0.80,-1.72,0,0,0
VCM,07/08/2010,46.4,47.0,46.3,46.5,37000,49.50,43.10,46.3,0.20,0.43,0,0,0
VCM,07/07/2010,47.0,47.0,46.0,46.3,42800,49.60,43.20,46.4,-0.10,-0.22,0,0,1300
VCM,07/06/2010,47.0,47.0,46.0,46.4,28600,50.20,43.80,47.0,-0.60,-1.28,0,0,0
VCM,07/05/2010,47.0,47.5,46.6,47.0,56400,50.20,43.80,47.0,0.00,0.00,0,0,0
VCM,07/02/2010,47.5,47.5,46.7,47.0,38700,50.20,43.80,47.0,0.00,0.00,0,0,0
VCM,07/01/2010,47.5,47.5,46.8,47.0,48200,51.10,44.50,47.8,-0.80,-1.67,0,0,0
VCM,06/30/2010,48.0,48.5,47.5,47.8,41400,52.80,46.00,49.4,-1.60,-3.24,0,0,0
VCM,06/29/2010,48.9,50.0,48.5,49.4,68000,51.50,44.90,48.2,1.20,2.49,0,0,0
VCM,06/28/2010,47.5,48.9,47.5,48.2,103800,50.30,43.90,47.1,1.10,2.34,0,0,0
VCM,06/25/2010,50.0,50.0,46.7,47.1,53900,50.00,43.60,46.8,0.30,0.64,0,0,0
VCM,06/24/2010,45.9,48.5,45.9,46.8,110000,49.20,42.80,46.0,0.80,1.74,0,0,0
VCM,06/23/2010,45.8,46.0,45.8,46.0,37700,48.10,41.90,45.0,1.00,2.22,0,0,0
VCM,06/22/2010,46.0,46.4,44.6,45.0,6300,49.20,42.80,46.0,-1.00,-2.17,0,0,0
VCM,06/21/2010,46.0,46.0,46.0,46.0,12600,49.20,42.80,46.0,0.00,0.00,0,0,0
VCM,06/18/2010,46.1,46.5,45.8,46.0,27900,49.20,42.80,46.0,0.00,0.00,0,0,0
VCM,06/17/2010,45.8,46.3,45.8,46.0,35700,49.30,42.90,46.1,-0.10,-0.22,0,0,0
VCM,06/16/2010,46.5,46.5,45.9,46.1,51700,49.20,42.80,46.0,0.10,0.22,0,0,0
VCM,06/15/2010,46.5,46.5,45.1,46.0,130200,50.10,43.70,46.9,-0.90,-1.92,0,0,0
VCM,06/14/2010,47.0,47.8,46.4,46.9,22900,50.60,44.00,47.3,-0.40,-0.85,0,0,0
VCM,06/11/2010,48.0,48.0,46.5,47.3,30500,50.70,44.10,47.4,-0.10,-0.21,0,0,0
VCM,06/10/2010,45.0,48.3,45.0,47.4,65600,48.30,42.10,45.2,2.20,4.87,0,0,0
VCM,06/09/2010,43.0,46.0,43.0,45.2,142100,46.00,40.00,43.0,2.20,5.12,0,0,0
VCM,06/08/2010,43.0,43.5,42.8,43.0,23000,46.00,40.00,43.0,0.00,0.00,0,0,0
VCM,06/07/2010,40.5,43.1,40.5,43.0,24300,46.50,40.50,43.5,-0.50,-1.15,0,0,0
VCM,06/04/2010,43.0,44.0,43.0,43.5,9900,47.10,41.10,44.1,-0.60,-1.36,0,0,0
VCM,06/03/2010,44.5,44.5,43.8,44.1,45000,47.00,41.00,44.0,0.10,0.23,0,0,0
VCM,06/02/2010,44.0,44.5,42.2,44.0,20800,48.30,42.10,45.2,-1.20,-2.65,0,0,0
VCM,06/01/2010,45.0,45.5,44.8,45.2,18700,48.60,42.40,45.5,-0.30,-0.66,0,0,0
VCM,05/31/2010,48.0,48.0,44.5,45.5,25300,48.00,41.80,44.9,0.60,1.34,0,0,0
VCM,05/28/2010,44.9,45.5,42.7,44.9,35800,45.60,39.80,42.7,2.20,5.15,0,0,0
VCM,05/27/2010,43.5,43.5,42.5,42.7,42100,48.70,42.50,45.6,-2.90,-6.36,0,0,0
VCM,05/26/2010,46.5,46.5,42.2,45.6,8700,47.00,41.00,44.0,1.60,3.64,0,0,0
VCM,05/25/2010,45.0,45.0,43.4,44.0,7600,48.50,42.30,45.4,-1.40,-3.08,0,0,0
VCM,05/24/2010,46.9,46.9,43.9,45.4,23200,49.70,43.30,46.5,-1.10,-2.37,0,0,0
VCM,05/21/2010,45.0,46.9,43.4,46.5,15100,49.80,43.40,46.6,-0.10,-0.21,0,0,0
VCM,05/20/2010,46.9,48.5,46.0,46.6,32500,49.50,43.10,46.3,0.30,0.65,0,0,0
VCM,05/19/2010,48.2,48.2,45.1,46.3,19500,48.20,42.00,45.1,1.20,2.66,0,0,0
VCM,05/18/2010,40.6,45.6,40.6,45.1,10000,45.60,39.80,42.7,2.40,5.62,0,0,0
VCM,05/17/2010,46.0,46.0,42.5,42.7,11000,48.70,42.50,45.6,-2.90,-6.36,0,0,0
VCM,05/14/2010,46.0,46.2,45.5,45.6,54700,52.30,45.50,48.9,-3.30,-6.75,0,0,0
VCM,05/13/2010,48.9,49.0,48.9,48.9,12400,56.10,48.90,52.5,-3.60,-6.86,0,0,0
VCM,05/12/2010,52.5,53.5,52.4,52.5,21200,60.20,52.40,56.3,-3.80,-6.75,0,0,0
VCM,05/11/2010,64.9,65.0,54.0,56.3,54200,0.00,0.00,0.0,56.30,0.00,0,0,0
