MaCK,Ngay,GiaMoCua,GiaCaoNhat,GiaThapNhat,GiaDongCua,KhoiLuongGD,GiaTran,GiaSan,GiaThamChieu,TangGiam,%,GDThoaThuan,NNMua,NNBan
VIG,08/11/2010,11.9,13.1,11.9,12.7,56800,13.20,11.60,12.4,0.30,2.42,78200,0,500
VIG,08/10/2010,12.9,13.3,12.2,12.4,86500,14.00,12.20,13.1,-0.70,-5.34,0,0,0
VIG,08/09/2010,12.9,13.3,12.9,13.1,106200,14.60,12.80,13.7,-0.60,-4.38,0,0,0
VIG,08/06/2010,13.9,13.9,13.6,13.7,53400,14.70,12.90,13.8,-0.10,-0.72,107500,0,0
VIG,08/05/2010,14.0,14.0,13.6,13.8,82100,14.90,13.10,14.0,-0.20,-1.43,50000,0,0
VIG,08/04/2010,14.0,14.1,13.6,14.0,65300,15.00,13.20,14.1,-0.10,-0.71,0,0,0
VIG,08/03/2010,14.1,14.1,13.9,14.1,32300,14.90,13.10,14.0,0.10,0.71,0,0,0
VIG,08/02/2010,14.1,14.1,13.8,14.0,80900,15.00,13.20,14.1,-0.10,-0.71,0,0,0
VIG,07/30/2010,14.0,14.3,14.0,14.1,99900,15.10,13.30,14.2,-0.10,-0.70,0,0,0
VIG,07/29/2010,14.2,14.3,14.0,14.2,197800,15.10,13.30,14.2,0.00,0.00,0,0,0
VIG,07/28/2010,14.5,14.5,13.9,14.2,133000,15.40,13.40,14.4,-0.20,-1.39,0,0,0
VIG,07/27/2010,14.4,14.5,14.2,14.4,97200,15.30,13.30,14.3,0.10,0.70,0,0,0
VIG,07/26/2010,14.6,14.6,14.0,14.3,138700,15.40,13.40,14.4,-0.10,-0.69,0,0,0
VIG,07/23/2010,14.7,14.7,14.2,14.4,68100,15.50,13.50,14.5,-0.10,-0.69,0,0,0
VIG,07/22/2010,14.2,15.0,14.2,14.5,130700,15.10,13.30,14.2,0.30,2.11,0,0,0
VIG,07/21/2010,14.4,14.5,14.1,14.2,87200,15.50,13.50,14.5,-0.30,-2.07,0,0,0
VIG,07/20/2010,14.7,14.8,14.2,14.5,162500,15.40,13.40,14.4,0.10,0.69,0,0,0
VIG,07/19/2010,14.5,14.8,14.3,14.4,72000,15.50,13.50,14.5,-0.10,-0.69,0,0,0
VIG,07/16/2010,14.4,14.7,14.2,14.5,123100,15.70,13.70,14.7,-0.20,-1.36,0,0,0
VIG,07/15/2010,14.9,15.2,14.3,14.7,172200,16.20,14.20,15.2,-0.50,-3.29,0,0,0
VIG,07/14/2010,15.4,15.6,14.8,15.2,242100,15.80,13.80,14.8,0.40,2.70,0,0,0
VIG,07/13/2010,14.5,15.3,14.3,14.8,325300,15.30,13.30,14.3,0.50,3.50,0,0,0
VIG,07/12/2010,14.5,14.5,14.1,14.3,97200,15.10,13.30,14.2,0.10,0.70,0,100,100
VIG,07/09/2010,14.5,14.5,14.1,14.2,61300,15.00,13.20,14.1,0.10,0.71,0,100,0
VIG,07/08/2010,14.5,14.5,13.8,14.1,98900,15.00,13.20,14.1,0.00,0.00,0,0,0
VIG,07/07/2010,14.3,14.5,14.0,14.1,140300,14.90,13.10,14.0,0.10,0.71,0,0,0
VIG,07/06/2010,14.1,14.1,13.8,14.0,90400,15.40,13.40,14.4,-0.40,-2.78,0,0,0
VIG,07/05/2010,14.5,14.5,14.2,14.4,55900,15.40,13.40,14.4,0.00,0.00,0,0,0
VIG,07/02/2010,14.4,14.5,14.3,14.4,104200,15.40,13.40,14.4,0.00,0.00,0,0,0
VIG,07/01/2010,14.3,14.5,14.1,14.4,107700,15.40,13.40,14.4,0.00,0.00,0,0,0
VIG,06/30/2010,14.5,14.5,14.0,14.4,63500,15.80,13.80,14.8,-0.40,-2.70,0,0,0
VIG,06/29/2010,15.0,15.0,14.6,14.8,56400,15.70,13.70,14.7,0.10,0.68,36800,0,0
VIG,06/28/2010,14.8,14.8,14.6,14.7,98700,15.80,13.80,14.8,-0.10,-0.68,0,0,0
VIG,06/25/2010,14.6,15.1,14.5,14.8,144900,16.30,14.30,15.3,-0.50,-3.27,50000,0,0
VIG,06/24/2010,15.1,15.7,15.1,15.3,151800,16.10,14.10,15.1,0.20,1.32,0,0,100
VIG,06/23/2010,14.4,15.7,14.4,15.1,306200,15.70,13.70,14.7,0.40,2.72,0,0,0
VIG,06/22/2010,15.0,15.0,14.6,14.7,106800,16.00,14.00,15.0,-0.30,-2.00,0,0,0
VIG,06/21/2010,15.0,15.1,14.9,15.0,112500,15.90,13.90,14.9,0.10,0.67,86800,100,0
VIG,06/18/2010,15.0,15.0,14.8,14.9,93800,16.10,14.10,15.1,-0.20,-1.32,0,0,0
VIG,06/17/2010,15.4,15.4,15.0,15.1,108100,16.30,14.30,15.3,-0.20,-1.31,0,0,0
VIG,06/16/2010,15.5,15.6,15.1,15.3,266100,16.00,14.00,15.0,0.30,2.00,0,0,0
VIG,06/15/2010,15.0,15.2,14.8,15.0,236400,16.10,14.10,15.1,-0.10,-0.66,86800,0,0
VIG,06/14/2010,15.5,15.5,14.9,15.1,101000,16.50,14.50,15.5,-0.40,-2.58,0,0,0
VIG,06/11/2010,15.8,15.9,15.0,15.5,339400,16.20,14.20,15.2,0.30,1.97,0,0,0
VIG,06/10/2010,14.9,15.5,14.8,15.2,286800,15.50,13.50,14.5,0.70,4.83,0,0,0
VIG,06/09/2010,14.5,14.8,14.3,14.5,53800,15.10,13.30,14.2,0.30,2.11,0,0,0
VIG,06/08/2010,14.3,14.5,14.0,14.2,100000,15.10,13.30,14.2,0.00,0.00,129000,0,0
VIG,06/07/2010,14.1,14.5,14.0,14.2,138700,15.80,13.80,14.8,-0.60,-4.05,0,0,0
VIG,06/04/2010,14.8,14.9,14.6,14.8,81400,15.90,13.90,14.9,-0.10,-0.67,0,0,2000
VIG,06/03/2010,15.1,15.3,14.7,14.9,166300,15.80,13.80,14.8,0.10,0.68,0,0,0
VIG,06/02/2010,14.8,14.9,14.6,14.8,107700,15.80,13.80,14.8,0.00,0.00,57800,0,0
VIG,06/01/2010,15.0,15.0,14.6,14.8,148100,15.80,13.80,14.8,0.00,0.00,0,0,0
VIG,05/31/2010,15.6,15.6,14.5,14.8,80200,16.00,14.00,15.0,-0.20,-1.33,129000,0,0
VIG,05/28/2010,14.7,15.0,14.6,15.0,362000,15.00,13.20,14.1,0.90,6.38,0,0,0
VIG,05/27/2010,14.3,14.4,13.5,14.1,88200,15.40,13.40,14.4,-0.30,-2.08,22500,0,0
VIG,05/26/2010,14.4,14.8,14.0,14.4,151300,15.40,13.40,14.4,0.00,0.00,24200,0,0
VIG,05/25/2010,14.5,15.0,14.0,14.4,159500,15.50,13.50,14.5,-0.10,-0.69,129000,0,0
VIG,05/24/2010,13.4,14.7,13.4,14.5,241800,14.70,12.90,13.8,0.70,5.07,596600,0,0
VIG,05/21/2010,13.5,14.5,13.4,13.8,252500,15.40,13.40,14.4,-0.60,-4.17,0,0,0
VIG,05/20/2010,13.5,14.9,13.2,14.4,259400,14.90,13.10,14.0,0.40,2.86,20000,0,0
VIG,05/19/2010,15.0,15.0,13.9,14.0,320900,15.90,13.90,14.9,-0.90,-6.04,10000,0,0
VIG,05/18/2010,15.0,15.1,14.5,14.9,152100,16.10,14.10,15.1,-0.20,-1.32,50000,0,0
VIG,05/17/2010,15.7,15.7,14.8,15.1,194700,16.70,14.70,15.7,-0.60,-3.82,0,0,10000
VIG,05/14/2010,15.4,16.1,15.4,15.7,163100,16.40,14.40,15.4,0.30,1.95,0,0,0
VIG,05/13/2010,15.8,16.1,15.0,15.4,198900,16.90,14.70,15.8,-0.40,-2.53,0,0,0
VIG,05/12/2010,16.0,16.0,15.8,15.8,167000,18.00,15.80,16.9,-1.10,-6.51,0,0,100
VIG,05/11/2010,18.5,18.7,16.8,16.9,258100,19.20,16.80,18.0,-1.10,-6.11,0,0,0
VIG,05/10/2010,18.5,18.7,16.7,18.0,446300,18.70,16.30,17.5,0.50,2.86,0,0,100
VIG,05/07/2010,17.6,17.7,16.6,17.5,816800,17.70,15.50,16.6,0.90,5.42,0,100,0
VIG,05/06/2010,15.6,16.6,15.6,16.6,814000,16.60,14.60,15.6,1.00,6.41,0,100,0
VIG,05/05/2010,15.8,15.8,15.3,15.6,193900,16.70,14.70,15.7,-0.10,-0.64,0,0,0
VIG,05/04/2010,15.6,16.0,15.4,15.7,281700,16.30,14.30,15.3,0.40,2.61,0,100,0
VIG,04/29/2010,15.2,15.6,15.1,15.3,132700,16.10,14.10,15.1,0.20,1.32,0,0,0
VIG,04/28/2010,15.0,15.4,14.8,15.1,129800,16.10,14.10,15.1,0.00,0.00,57000,0,0
VIG,04/27/2010,15.4,15.4,14.9,15.1,167700,16.30,14.30,15.3,-0.20,-1.31,0,0,0
VIG,04/26/2010,15.7,16.0,15.0,15.3,87300,16.50,14.50,15.5,-0.20,-1.29,0,0,0
VIG,04/22/2010,14.9,15.7,14.9,15.5,471500,15.70,13.70,14.7,0.80,5.44,0,10000,0
VIG,04/21/2010,14.5,14.9,14.5,14.7,167000,15.70,13.70,14.7,0.00,0.00,65000,0,0
VIG,04/20/2010,15.0,15.0,14.6,14.7,69800,15.70,13.70,14.7,0.00,0.00,0,0,0
VIG,04/19/2010,15.1,15.1,14.5,14.7,111000,16.10,14.10,15.1,-0.40,-2.65,0,0,0
VIG,04/16/2010,15.3,15.4,15.0,15.1,308300,16.10,14.10,15.1,0.00,0.00,0,0,0
VIG,04/15/2010,15.1,15.3,14.9,15.1,108200,16.00,14.00,15.0,0.10,0.67,0,0,0
VIG,04/14/2010,15.2,15.3,14.8,15.0,129100,16.30,14.30,15.3,-0.30,-1.96,0,0,0
VIG,04/13/2010,15.6,15.7,15.0,15.3,61500,16.60,14.60,15.6,-0.30,-1.92,0,0,0
VIG,04/12/2010,15.6,15.8,15.4,15.6,219100,16.50,14.50,15.5,0.10,0.65,0,0,0
VIG,04/09/2010,16.0,16.0,15.3,15.5,337500,16.30,14.30,15.3,0.20,1.31,0,0,3000
VIG,04/08/2010,15.3,15.3,15.2,15.3,333300,15.30,13.30,14.3,1.00,6.99,0,0,0
VIG,04/07/2010,18.2,18.3,18.0,18.1,224500,19.40,17.00,18.2,-0.10,-0.55,0,0,0
VIG,04/06/2010,18.1,18.5,18.0,18.2,160900,19.50,17.10,18.3,-0.10,-0.55,0,0,0
VIG,04/05/2010,18.9,19.0,17.6,18.3,257800,20.20,17.60,18.9,-0.60,-3.17,0,500,0
VIG,04/02/2010,19.3,19.3,18.8,18.9,72400,20.60,18.00,19.3,-0.40,-2.07,0,0,0
VIG,04/01/2010,19.9,19.9,19.0,19.3,123000,20.70,18.10,19.4,-0.10,-0.52,0,0,1000
VIG,03/31/2010,19.9,20.1,18.8,19.4,182500,21.20,18.60,19.9,-0.50,-2.51,0,0,0
VIG,03/30/2010,19.5,20.3,19.0,19.9,699600,20.70,18.10,19.4,0.50,2.58,0,0,4000
VIG,03/29/2010,19.6,19.7,19.0,19.4,183200,20.90,18.30,19.6,-0.20,-1.02,0,0,0
VIG,03/26/2010,21.0,21.0,18.9,19.6,143400,21.10,18.50,19.8,-0.20,-1.01,0,0,1000
VIG,03/25/2010,20.5,20.8,19.0,19.8,210600,20.80,18.20,19.5,0.30,1.54,0,0,3000
VIG,03/24/2010,18.6,19.6,18.5,19.5,147400,19.60,17.20,18.4,1.10,5.98,0,4000,0
VIG,03/23/2010,19.1,19.1,18.1,18.4,226300,20.60,18.00,19.3,-0.90,-4.66,0,0,0
VIG,03/22/2010,18.7,19.9,18.6,19.3,103300,21.20,18.60,19.9,-0.60,-3.02,0,0,0
VIG,03/19/2010,20.7,20.7,19.5,19.9,122300,21.50,18.70,20.1,-0.20,-1.00,0,0,0
VIG,03/18/2010,21.1,21.1,20.1,20.8,240800,22.10,19.30,20.7,0.10,0.48,0,4000,0
VIG,03/17/2010,21.1,21.1,19.0,20.7,639900,21.10,18.50,19.8,0.90,4.55,0,4000,0
VIG,03/16/2010,20.0,20.5,19.5,19.8,284000,22.30,19.50,20.9,-1.10,-5.26,0,0,0
VIG,03/15/2010,21.2,21.9,20.3,20.9,185600,22.60,19.80,21.2,-0.30,-1.42,20000,0,0
VIG,03/12/2010,20.2,21.6,20.1,21.2,328900,22.10,19.30,20.7,0.50,2.42,0,0,0
VIG,03/11/2010,19.0,20.8,19.0,20.7,507200,20.80,18.20,19.5,1.20,6.15,0,0,0
VIG,03/10/2010,19.9,20.0,19.2,19.5,359100,22.00,19.20,20.6,-1.10,-5.34,0,0,0
VIG,03/09/2010,22.3,22.3,20.0,20.6,492100,22.30,19.50,20.9,-0.30,-1.44,0,0,4200
VIG,03/08/2010,20.9,20.9,20.5,20.9,907300,20.90,18.30,19.6,1.30,6.63,0,0,0
VIG,03/05/2010,19.5,19.7,19.0,19.6,194200,19.70,17.30,18.5,1.10,5.95,0,0,0
VIG,03/04/2010,17.7,18.6,17.7,18.5,513600,18.60,16.20,17.4,1.10,6.32,0,0,0
VIG,03/03/2010,17.1,17.7,17.0,17.4,256200,18.00,15.80,16.9,0.50,2.96,0,0,0
VIG,03/02/2010,17.0,17.1,16.7,16.9,159900,18.10,15.90,17.0,-0.10,-0.59,0,0,0
VIG,03/01/2010,17.1,17.3,16.8,17.0,61000,18.10,15.90,17.0,0.00,0.00,0,0,400
VIG,02/26/2010,17.1,17.2,16.6,17.0,106700,18.20,16.00,17.1,-0.10,-0.58,0,0,0
VIG,02/25/2010,17.0,17.3,16.8,17.1,51900,17.90,15.70,16.8,0.30,1.79,0,0,0
VIG,02/24/2010,16.9,17.1,16.6,16.8,182000,17.80,15.60,16.7,0.10,0.60,0,0,0
VIG,02/23/2010,16.8,17.0,16.5,16.7,84400,18.20,16.00,17.1,-0.40,-2.34,0,0,0
VIG,02/22/2010,17.4,17.5,17.0,17.1,43400,18.40,16.00,17.2,-0.10,-0.58,0,0,0
VIG,02/12/2010,17.4,17.4,17.1,17.2,41500,18.10,15.90,17.0,0.20,1.18,0,0,0
VIG,02/11/2010,17.0,17.2,16.9,17.0,64200,18.00,15.80,16.9,0.10,0.59,0,0,0
VIG,02/10/2010,17.0,17.3,16.7,16.9,93100,17.90,15.70,16.8,0.10,0.60,0,0,0
VIG,02/09/2010,16.9,17.0,16.5,16.8,173700,18.00,15.80,16.9,-0.10,-0.59,0,0,0
VIG,02/08/2010,17.2,17.2,16.7,16.9,84000,18.10,15.90,17.0,-0.10,-0.59,0,0,0
VIG,02/05/2010,17.0,17.2,16.7,17.0,110400,18.40,16.00,17.2,-0.20,-1.16,5400,0,0
VIG,02/04/2010,17.0,17.4,16.9,17.2,137800,18.10,15.90,17.0,0.20,1.18,0,0,0
VIG,02/03/2010,17.0,17.3,16.8,17.0,61000,18.20,16.00,17.1,-0.10,-0.58,0,1600,0
VIG,02/02/2010,17.9,17.9,16.9,17.1,96100,18.20,16.00,17.1,0.00,0.00,0,3000,0
VIG,02/01/2010,17.1,17.3,16.9,17.1,79100,18.00,15.80,16.9,0.20,1.18,0,0,0
VIG,01/29/2010,17.2,17.2,16.6,16.9,124800,18.20,16.00,17.1,-0.20,-1.17,0,0,0
VIG,01/28/2010,17.4,17.5,16.8,17.1,111500,18.60,16.20,17.4,-0.30,-1.72,0,0,0
VIG,01/27/2010,18.3,18.8,17.1,17.4,239500,19.50,17.10,18.3,-0.90,-4.92,0,0,0
VIG,01/26/2010,18.0,18.5,17.4,18.3,210100,18.50,16.10,17.3,1.00,5.78,0,0,0
VIG,01/25/2010,17.5,17.5,17.0,17.3,117900,18.20,16.00,17.1,0.20,1.17,50000,0,0
VIG,01/22/2010,17.0,17.9,16.3,17.1,206100,18.20,16.00,17.1,0.00,0.00,0,0,0
VIG,01/21/2010,18.2,18.2,16.9,17.1,490200,19.30,16.90,18.1,-1.00,-5.52,0,0,0
VIG,01/20/2010,19.3,19.4,17.5,18.1,181000,20.00,17.40,18.7,-0.60,-3.21,0,0,0
VIG,01/19/2010,18.4,19.3,18.1,18.7,250500,19.30,16.90,18.1,0.60,3.31,0,0,0
VIG,01/18/2010,19.3,19.3,18.0,18.1,340700,20.60,18.00,19.3,-1.20,-6.22,0,0,0
VIG,01/15/2010,21.9,21.9,19.1,19.3,447400,21.90,19.10,20.5,-1.20,-5.85,0,0,0
VIG,01/14/2010,20.6,20.7,19.6,20.5,503400,20.70,18.10,19.4,1.10,5.67,0,0,0
VIG,01/13/2010,19.2,20.5,19.2,19.4,712200,22.00,19.20,20.6,-1.20,-5.83,45000,0,0
VIG,01/12/2010,20.6,20.6,20.6,20.6,44100,23.60,20.60,22.1,-1.50,-6.79,15000,0,0
VIG,01/11/2010,23.0,23.5,22.0,22.1,186400,25.20,22.00,23.6,-1.50,-6.36,0,0,0
VIG,01/08/2010,23.9,24.0,21.5,23.6,489100,24.00,21.00,22.5,1.10,4.89,0,0,0
VIG,01/07/2010,22.4,22.5,22.0,22.5,1413600,22.50,19.70,21.1,1.40,6.64,0,0,0
VIG,01/06/2010,21.2,21.4,20.0,21.1,1009300,21.40,18.60,20.0,1.10,5.50,325000,0,0
VIG,01/05/2010,20.0,20.0,19.0,20.0,792100,20.00,17.40,18.7,1.30,6.95,0,0,0
VIG,01/04/2010,18.2,18.7,18.1,18.7,532900,18.70,16.30,17.5,1.20,6.86,0,0,0
VIG,12/31/2009,17.6,18.0,16.8,17.5,204400,18.10,15.90,17.0,0.50,2.94,0,0,0
VIG,12/30/2009,18.0,18.0,16.4,17.0,138100,18.50,16.10,17.3,-0.30,-1.73,0,0,0
VIG,12/29/2009,17.9,17.9,17.2,17.3,68700,19.60,17.20,18.4,-1.10,-5.98,0,0,0
VIG,12/28/2009,19.6,19.6,17.7,18.4,116400,20.20,17.60,18.9,-0.50,-2.65,0,0,0
VIG,12/25/2009,18.2,19.2,18.2,18.9,211400,19.20,16.80,18.0,0.90,5.00,0,0,0
VIG,12/24/2009,19.0,19.8,17.5,18.0,252000,20.10,17.50,18.8,-0.80,-4.26,0,0,0
VIG,12/23/2009,17.4,19.8,17.4,18.8,184400,20.00,17.40,18.7,0.10,0.53,0,0,0
VIG,12/22/2009,19.8,19.9,17.6,18.7,175700,20.00,17.40,18.7,0.00,0.00,0,0,0
VIG,12/21/2009,18.4,18.7,18.4,18.7,154500,18.70,16.30,17.5,1.20,6.86,0,0,0
VIG,12/18/2009,17.2,17.5,17.0,17.5,57300,17.50,15.30,16.4,1.10,6.71,0,0,0
VIG,12/17/2009,16.3,17.4,16.2,16.4,154600,18.60,16.20,17.4,-1.00,-5.75,0,0,0
VIG,12/16/2009,18.6,18.7,17.3,17.4,57100,19.70,17.30,18.5,-1.10,-5.95,0,0,0
VIG,12/15/2009,19.4,19.6,17.8,18.5,123800,19.60,17.20,18.4,0.10,0.54,0,0,0
VIG,12/14/2009,19.3,19.3,17.0,18.4,175200,19.40,17.00,18.2,0.20,1.10,0,100,0
VIG,12/11/2009,19.4,19.4,18.1,18.2,157000,20.70,18.10,19.4,-1.20,-6.19,5000,100,0
VIG,12/10/2009,20.1,20.5,19.1,19.4,129300,21.90,19.10,20.5,-1.10,-5.37,0,100,0
VIG,12/09/2009,20.7,21.5,20.2,20.5,208100,23.20,20.20,21.7,-1.20,-5.53,0,0,0
VIG,12/08/2009,21.8,22.2,21.4,21.7,219500,22.30,19.50,20.9,0.80,3.83,0,100,0
VIG,12/07/2009,20.5,21.1,20.5,20.9,301700,21.10,18.50,19.8,1.10,5.56,0,0,0
VIG,12/04/2009,19.1,20.9,18.9,19.8,281400,21.70,18.90,20.3,-0.50,-2.46,0,0,0
VIG,12/03/2009,21.0,21.0,20.3,20.3,239600,23.30,20.30,21.8,-1.50,-6.88,0,0,0
VIG,12/02/2009,23.9,23.9,21.2,21.8,237200,24.20,21.20,22.7,-0.90,-3.96,0,2000,0
VIG,12/01/2009,24.0,24.0,21.0,22.7,441200,0.00,0.00,0.0,22.70,0.00,0,0,0
