MaCK,Ngay,GiaMoCua,GiaCaoNhat,GiaThapNhat,GiaDongCua,KhoiLuongGD,GiaTran,GiaSan,GiaThamChieu,TangGiam,%,GDThoaThuan,NNMua,NNBan
WSS,08/11/2010,15.1,15.4,15.0,15.3,80100,16.10,14.10,15.1,0.20,1.32,0,0,0
WSS,08/10/2010,15.4,15.4,14.9,15.1,147200,17.10,14.90,16.0,-0.90,-5.63,0,0,0
WSS,08/09/2010,16.0,16.8,15.5,16.0,150500,17.50,15.30,16.4,-0.40,-2.44,60000,0,0
WSS,08/06/2010,16.6,16.6,16.3,16.4,39500,17.90,15.70,16.8,-0.40,-2.38,0,0,0
WSS,08/05/2010,16.9,17.2,16.5,16.8,178200,17.70,15.50,16.6,0.20,1.20,0,0,0
WSS,08/04/2010,17.1,17.1,16.5,16.6,54500,18.10,15.90,17.0,-0.40,-2.35,0,0,0
WSS,08/03/2010,17.4,17.4,16.8,17.0,73000,18.40,16.00,17.2,-0.20,-1.16,60000,0,0
WSS,08/02/2010,17.7,17.7,17.0,17.2,90400,18.80,16.40,17.6,-0.40,-2.27,0,0,0
WSS,07/30/2010,17.6,17.7,17.3,17.6,104800,18.70,16.30,17.5,0.10,0.57,0,0,0
WSS,07/29/2010,17.6,17.7,17.2,17.5,129300,18.70,16.30,17.5,0.00,0.00,0,0,0
WSS,07/28/2010,17.6,17.8,17.0,17.5,125000,19.00,16.60,17.8,-0.30,-1.69,0,0,3600
WSS,07/27/2010,17.6,18.0,17.6,17.8,292900,18.70,16.30,17.5,0.30,1.71,0,0,0
WSS,07/26/2010,17.5,17.8,17.2,17.5,137000,18.90,16.50,17.7,-0.20,-1.13,0,0,0
WSS,07/23/2010,17.9,17.9,17.5,17.7,122300,18.90,16.50,17.7,0.00,0.00,0,2100,0
WSS,07/22/2010,17.9,18.0,17.5,17.7,153700,19.00,16.60,17.8,-0.10,-0.56,0,0,0
WSS,07/21/2010,17.9,18.1,17.5,17.8,337100,18.90,16.50,17.7,0.10,0.56,0,0,50000
WSS,07/20/2010,18.0,18.1,17.5,17.7,126900,18.90,16.50,17.7,0.00,0.00,0,1100,0
WSS,07/19/2010,17.8,17.9,17.5,17.7,131500,19.10,16.70,17.9,-0.20,-1.12,0,0,0
WSS,07/16/2010,17.9,18.6,17.7,17.9,128300,19.00,16.60,17.8,0.10,0.56,10000,0,0
WSS,07/15/2010,17.9,18.2,17.5,17.8,267300,19.60,17.20,18.4,-0.60,-3.26,0,0,0
WSS,07/14/2010,18.6,19.0,18.1,18.4,348500,19.20,16.80,18.0,0.40,2.22,0,0,0
WSS,07/13/2010,17.5,18.2,17.4,18.0,440700,18.20,16.00,17.1,0.90,5.26,0,0,0
WSS,07/12/2010,16.9,17.4,16.9,17.1,216600,18.10,15.90,17.0,0.10,0.59,0,50000,0
WSS,07/09/2010,17.4,17.5,16.8,17.0,242800,18.20,16.00,17.1,-0.10,-0.58,0,0,0
WSS,07/08/2010,17.5,17.7,16.8,17.1,276700,18.20,16.00,17.1,0.00,0.00,0,0,0
WSS,07/07/2010,17.4,17.6,16.8,17.1,280200,18.50,16.10,17.3,-0.20,-1.16,0,0,0
WSS,07/06/2010,17.7,17.7,17.0,17.3,213700,18.80,16.40,17.6,-0.30,-1.70,0,0,0
WSS,07/05/2010,17.9,17.9,17.3,17.6,466200,19.00,16.60,17.8,-0.20,-1.12,20000,0,0
WSS,07/02/2010,17.9,17.9,17.6,17.8,141400,19.00,16.60,17.8,0.00,0.00,0,0,0
WSS,07/01/2010,17.5,18.1,17.5,17.8,138300,19.10,16.70,17.9,-0.10,-0.56,0,0,0
WSS,06/30/2010,17.6,18.0,17.5,17.9,209100,19.30,16.90,18.1,-0.20,-1.10,0,0,0
WSS,06/29/2010,18.2,18.3,18.0,18.1,89800,19.20,16.80,18.0,0.10,0.56,0,1800,0
WSS,06/28/2010,18.3,18.3,17.8,18.0,94700,19.10,16.70,17.9,0.10,0.56,0,0,0
WSS,06/25/2010,18.0,18.2,17.7,17.9,139700,19.60,17.20,18.4,-0.50,-2.72,0,0,0
WSS,06/24/2010,18.3,18.6,18.1,18.4,73500,19.40,17.00,18.2,0.20,1.10,0,0,0
WSS,06/23/2010,18.1,18.4,18.0,18.2,217400,19.90,17.30,18.6,-0.40,-2.15,0,1000,0
WSS,06/22/2010,18.9,19.2,18.3,18.6,133400,20.20,17.60,18.9,-0.30,-1.59,0,0,0
WSS,06/21/2010,18.4,19.5,18.3,18.9,557500,19.50,17.10,18.3,0.60,3.28,0,0,0
WSS,06/18/2010,18.2,18.5,18.0,18.3,157500,19.60,17.20,18.4,-0.10,-0.54,0,0,0
WSS,06/17/2010,18.3,18.7,18.1,18.4,150400,19.70,17.30,18.5,-0.10,-0.54,0,300,0
WSS,06/16/2010,18.0,18.9,18.0,18.5,204700,19.20,16.80,18.0,0.50,2.78,0,0,0
WSS,06/15/2010,17.9,18.1,17.8,18.0,201000,19.20,16.80,18.0,0.00,0.00,0,0,0
WSS,06/14/2010,18.3,18.3,17.9,18.0,61100,19.20,16.80,18.0,0.00,0.00,0,0,4700
WSS,06/11/2010,18.3,18.3,17.8,18.0,131100,19.00,16.60,17.8,0.20,1.12,0,0,4700
WSS,06/10/2010,17.8,17.9,17.6,17.8,111200,19.00,16.60,17.8,0.00,0.00,0,0,27000
WSS,06/09/2010,18.1,18.1,17.6,17.8,53300,18.90,16.50,17.7,0.10,0.56,0,0,0
WSS,06/08/2010,16.9,17.9,16.9,17.7,299600,18.80,16.40,17.6,0.10,0.57,0,0,4000
WSS,06/07/2010,18.0,18.0,17.3,17.6,254300,19.60,17.20,18.4,-0.80,-4.35,0,50000,1100
WSS,06/04/2010,18.9,18.9,18.2,18.4,122500,20.10,17.50,18.8,-0.40,-2.13,0,0,0
WSS,06/03/2010,18.3,19.1,18.3,18.8,476800,19.50,17.10,18.3,0.50,2.73,0,100,0
WSS,06/02/2010,18.0,18.5,17.9,18.3,245600,19.50,17.10,18.3,0.00,0.00,0,0,0
WSS,06/01/2010,18.0,18.5,17.8,18.3,300300,19.60,17.20,18.4,-0.10,-0.54,0,50000,0
WSS,05/31/2010,19.5,19.5,18.0,18.4,169900,19.60,17.20,18.4,0.00,0.00,0,100,0
WSS,05/28/2010,18.0,18.5,18.0,18.4,345200,18.50,16.10,17.3,1.10,6.36,0,0,0
WSS,05/27/2010,16.8,17.5,16.8,17.3,254700,18.60,16.20,17.4,-0.10,-0.57,0,0,6000
WSS,05/26/2010,17.1,17.6,17.0,17.4,324500,18.20,16.00,17.1,0.30,1.75,0,1000,0
WSS,05/25/2010,17.0,17.4,16.5,17.1,394100,18.10,15.90,17.0,0.10,0.59,0,0,3000
WSS,05/24/2010,16.7,17.2,16.3,17.0,414600,17.30,15.10,16.2,0.80,4.94,0,0,16000
WSS,05/21/2010,16.8,16.9,16.0,16.2,399100,18.40,16.00,17.2,-1.00,-5.81,0,0,0
WSS,05/20/2010,16.2,18.0,15.9,17.2,577200,18.00,15.80,16.9,0.30,1.78,25000,0,0
WSS,05/19/2010,18.0,18.0,16.7,16.9,421800,19.10,16.70,17.9,-1.00,-5.59,0,0,0
WSS,05/18/2010,18.4,18.4,17.7,17.9,216400,19.40,17.00,18.2,-0.30,-1.65,0,0,0
WSS,05/17/2010,19.1,19.1,17.9,18.2,258600,20.30,17.70,19.0,-0.80,-4.21,0,0,0
WSS,05/14/2010,19.2,19.3,18.8,19.0,228500,20.50,17.90,19.2,-0.20,-1.04,0,0,0
WSS,05/13/2010,19.3,19.5,18.8,19.2,165600,20.40,17.80,19.1,0.10,0.52,0,0,0
WSS,05/12/2010,20.7,21.0,18.7,19.1,389000,21.50,18.70,20.1,-1.00,-4.98,25000,0,0
WSS,05/11/2010,21.2,21.7,20.7,21.1,439900,22.10,19.30,20.7,0.40,1.93,0,0,0
WSS,05/10/2010,21.0,21.2,20.4,20.7,554600,22.00,19.20,20.6,0.10,0.49,0,0,0
WSS,05/07/2010,21.3,21.3,20.2,20.6,538500,22.50,19.70,21.1,-0.50,-2.37,0,0,8000
WSS,05/06/2010,20.5,21.5,20.5,21.1,741700,22.10,19.30,20.7,0.40,1.93,0,0,7500
WSS,05/05/2010,21.3,21.3,20.4,20.7,411400,22.70,19.90,21.3,-0.60,-2.82,0,0,3500
WSS,05/04/2010,21.5,21.7,21.0,21.3,563800,22.50,19.70,21.1,0.20,0.95,0,15000,2000
WSS,04/29/2010,21.3,21.4,20.9,21.1,351500,22.70,19.90,21.3,-0.20,-0.94,0,0,0
WSS,04/28/2010,20.9,21.6,20.8,21.3,1045800,22.40,19.60,21.0,0.30,1.43,10000,0,0
WSS,04/27/2010,21.3,21.5,20.8,21.0,505100,22.70,19.90,21.3,-0.30,-1.41,0,0,0
WSS,04/26/2010,21.0,21.7,20.9,21.3,721500,22.20,19.40,20.8,0.50,2.40,0,150000,0
WSS,04/22/2010,20.0,21.1,20.0,20.8,1181200,21.10,18.50,19.8,1.00,5.05,0,0,11500
WSS,04/21/2010,20.0,20.2,19.2,19.8,515400,21.40,18.60,20.0,-0.20,-1.00,0,0,4000
WSS,04/20/2010,20.5,20.6,19.6,20.0,577400,21.90,19.10,20.5,-0.50,-2.44,0,0,12500
WSS,04/19/2010,20.9,21.2,20.1,20.5,674400,22.60,19.80,21.2,-0.70,-3.30,275000,4000,0
WSS,04/16/2010,21.5,21.7,20.3,21.2,898300,22.50,19.70,21.1,0.10,0.47,0,2000,0
WSS,04/15/2010,20.8,21.3,20.8,21.1,631100,21.90,19.10,20.5,0.60,2.93,0,3000,1000
WSS,04/14/2010,20.1,20.8,20.0,20.5,967900,21.50,18.70,20.1,0.40,1.99,100000,0,1000
WSS,04/13/2010,20.0,20.7,19.6,20.1,1069300,21.10,18.50,19.8,0.30,1.52,0,0,0
WSS,04/12/2010,19.5,20.0,19.5,19.8,689500,20.80,18.20,19.5,0.30,1.54,0,0,0
WSS,04/09/2010,19.5,19.8,19.3,19.5,238700,20.90,18.30,19.6,-0.10,-0.51,8000,0,0
WSS,04/08/2010,19.2,19.8,19.2,19.6,598800,20.50,17.90,19.2,0.40,2.08,80000,0,0
WSS,04/07/2010,19.9,19.9,18.9,19.2,400600,20.60,18.00,19.3,-0.10,-0.52,0,13500,0
WSS,04/06/2010,19.7,19.9,18.8,19.3,485500,19.90,17.30,18.6,0.70,3.76,0,1000,0
WSS,04/05/2010,18.2,19.0,18.0,18.6,474100,19.00,16.60,17.8,0.80,4.49,0,0,0
WSS,04/02/2010,18.4,18.4,17.5,17.8,508800,19.30,16.90,18.1,-0.30,-1.66,0,0,0
WSS,04/01/2010,18.3,18.6,17.7,18.1,187100,19.50,17.10,18.3,-0.20,-1.09,0,0,0
WSS,03/31/2010,18.1,18.9,17.6,18.3,214200,20.10,17.50,18.8,-0.50,-2.66,0,0,0
WSS,03/30/2010,18.5,19.9,18.4,18.8,151900,20.90,18.30,19.6,-0.80,-4.08,0,8000,0
WSS,03/29/2010,19.0,20.0,18.9,19.6,118100,20.70,18.10,19.4,0.20,1.03,0,0,0
WSS,03/26/2010,20.4,20.4,18.9,19.4,141600,21.20,18.60,19.9,-0.50,-2.51,0,0,0
WSS,03/25/2010,19.8,20.2,19.8,19.9,490500,22.60,19.80,21.2,-1.30,-6.13,0,2000,0
WSS,03/24/2010,21.3,21.5,20.8,21.2,148200,22.30,19.50,20.9,0.30,1.44,0,1000,0
WSS,03/23/2010,21.3,21.4,20.5,20.9,218100,23.00,20.00,21.5,-0.60,-2.79,0,0,0
WSS,03/22/2010,22.5,22.5,21.2,21.5,238600,23.80,20.80,22.3,-0.80,-3.59,0,0,0
WSS,03/19/2010,23.0,23.0,22.0,22.3,227800,24.00,21.00,22.5,-0.20,-0.89,0,0,0
WSS,03/18/2010,22.5,22.8,21.8,22.5,335000,24.00,21.00,22.5,0.00,0.00,0,0,1500
WSS,03/17/2010,23.8,23.8,21.9,22.5,334300,23.90,20.90,22.4,0.10,0.45,40000,2000,0
WSS,03/16/2010,22.5,22.5,21.1,22.4,1209900,22.50,19.70,21.1,1.30,6.16,0,27000,0
WSS,03/15/2010,21.0,22.0,20.8,21.1,233300,22.60,19.80,21.2,-0.10,-0.47,0,0,14000
WSS,03/12/2010,21.2,21.5,20.8,21.2,221800,22.80,20.00,21.4,-0.20,-0.93,10000,1500,6000
WSS,03/11/2010,21.5,21.9,21.1,21.4,132500,23.30,20.30,21.8,-0.40,-1.83,0,0,0
WSS,03/10/2010,22.0,22.4,21.4,21.8,222200,24.20,21.20,22.7,-0.90,-3.96,0,0,0
WSS,03/09/2010,23.5,23.8,22.0,22.7,258200,23.90,20.90,22.4,0.30,1.34,0,0,0
WSS,03/08/2010,22.4,22.4,22.0,22.4,561300,22.40,19.60,21.0,1.40,6.67,0,0,0
WSS,03/05/2010,21.5,21.5,20.2,21.0,126000,22.50,19.70,21.1,-0.10,-0.47,0,0,0
WSS,03/04/2010,20.9,21.6,20.6,21.1,134900,21.60,18.80,20.2,0.90,4.46,0,5000,0
WSS,03/03/2010,20.0,20.6,19.5,20.2,266800,21.10,18.50,19.8,0.40,2.02,0,0,52000
WSS,03/02/2010,20.1,20.2,19.6,19.8,124000,21.60,18.80,20.2,-0.40,-1.98,0,0,0
WSS,03/01/2010,20.5,20.6,20.0,20.2,80900,21.50,18.70,20.1,0.10,0.50,0,0,0
WSS,02/26/2010,20.0,20.3,19.9,20.1,63100,21.40,18.60,20.0,0.10,0.50,0,0,0
WSS,02/25/2010,20.0,20.3,19.6,20.0,70100,21.00,18.40,19.7,0.30,1.52,0,0,0
WSS,02/24/2010,19.7,20.2,19.1,19.7,141500,21.10,18.50,19.8,-0.10,-0.51,0,0,4000
WSS,02/23/2010,20.4,20.5,19.6,19.8,73200,22.20,19.40,20.8,-1.00,-4.81,0,0,0
WSS,02/22/2010,21.6,21.6,20.5,20.8,47800,22.10,19.30,20.7,0.10,0.48,0,0,0
WSS,02/12/2010,20.9,20.9,20.5,20.7,90400,21.80,19.00,20.4,0.30,1.47,0,9000,0
WSS,02/11/2010,20.1,20.8,20.0,20.4,150100,21.70,18.90,20.3,0.10,0.49,0,9000,0
WSS,02/10/2010,20.5,20.8,20.0,20.3,72000,21.60,18.80,20.2,0.10,0.50,0,1000,6000
WSS,02/09/2010,20.1,20.5,19.7,20.2,114700,21.80,19.00,20.4,-0.20,-0.98,80000,0,1000
WSS,02/08/2010,20.8,20.8,20.0,20.4,74100,21.70,18.90,20.3,0.10,0.49,0,0,0
WSS,02/05/2010,20.7,21.3,19.5,20.3,119500,21.90,19.10,20.5,-0.20,-0.98,0,0,0
WSS,02/04/2010,20.2,21.0,19.8,20.5,322100,21.00,18.40,19.7,0.80,4.06,0,6000,0
WSS,02/03/2010,19.9,19.9,19.0,19.7,79100,20.70,18.10,19.4,0.30,1.55,0,0,0
WSS,02/02/2010,20.0,20.0,19.1,19.4,114200,20.90,18.30,19.6,-0.20,-1.02,0,4000,1000
WSS,02/01/2010,19.9,19.9,19.4,19.6,57300,21.10,18.50,19.8,-0.20,-1.01,0,1000,1000
WSS,01/29/2010,20.1,20.1,19.4,19.8,41400,21.20,18.60,19.9,-0.10,-0.50,0,1000,1000
WSS,01/28/2010,20.1,20.4,19.5,19.9,86900,21.70,18.90,20.3,-0.40,-1.97,0,0,0
WSS,01/27/2010,21.6,21.6,19.5,20.3,93500,22.30,19.50,20.9,-0.60,-2.87,0,20000,0
WSS,01/26/2010,20.7,21.0,20.5,20.9,300600,21.00,18.40,19.7,1.20,6.09,0,20000,0
WSS,01/25/2010,19.4,19.9,19.4,19.7,74200,20.60,18.00,19.3,0.40,2.07,0,1000,0
WSS,01/22/2010,18.5,20.0,18.2,19.3,125500,20.50,17.90,19.2,0.10,0.52,0,1000,2000
WSS,01/21/2010,19.2,20.5,19.0,19.2,184900,21.80,19.00,20.4,-1.20,-5.88,0,0,2000
WSS,01/20/2010,21.5,21.8,19.8,20.4,67100,22.30,19.50,20.9,-0.50,-2.39,0,0,0
WSS,01/19/2010,20.7,21.4,19.4,20.9,208000,21.80,19.00,20.4,0.50,2.45,0,0,0
WSS,01/18/2010,22.5,22.6,20.3,20.4,189000,23.30,20.30,21.8,-1.40,-6.42,0,0,67700
WSS,01/15/2010,22.9,22.9,21.0,21.8,128100,23.20,20.20,21.7,0.10,0.46,900000,1000,0
WSS,01/14/2010,21.7,21.7,20.6,21.7,239600,21.70,18.90,20.3,1.40,6.90,0,1000,0
WSS,01/13/2010,20.4,22.0,19.4,20.3,194500,22.20,19.40,20.8,-0.50,-2.40,0,0,0
WSS,01/12/2010,20.9,21.3,20.7,20.8,209700,23.70,20.70,22.2,-1.40,-6.31,0,0,0
WSS,01/11/2010,23.7,24.4,22.1,22.2,352500,25.30,22.10,23.7,-1.50,-6.33,0,0,36000
WSS,01/08/2010,23.6,24.9,22.0,23.7,207500,25.20,22.00,23.6,0.10,0.42,0,0,0
WSS,01/07/2010,23.8,24.8,23.2,23.6,242400,26.60,23.20,24.9,-1.30,-5.22,0,0,0
WSS,01/06/2010,26.8,26.8,24.0,24.9,206200,26.80,23.40,25.1,-0.20,-0.80,0,0,24200
WSS,01/05/2010,25.1,25.1,25.0,25.1,463300,25.10,21.90,23.5,1.60,6.81,0,0,67500
WSS,01/04/2010,23.0,23.6,22.2,23.5,307000,23.60,20.60,22.1,1.40,6.33,0,32700,0
WSS,12/31/2009,21.4,22.2,21.0,22.1,441400,22.20,19.40,20.8,1.30,6.25,10000,37800,0
WSS,12/30/2009,20.0,21.2,19.8,20.8,270400,21.90,19.10,20.5,0.30,1.46,0,101000,2000
WSS,12/29/2009,20.9,21.0,20.0,20.5,123200,21.70,18.90,20.3,0.20,0.99,0,42500,2000
WSS,12/28/2009,20.5,21.0,19.0,20.3,243100,21.10,18.50,19.8,0.50,2.53,0,5000,0
WSS,12/25/2009,19.0,19.9,19.0,19.8,370700,19.90,17.30,18.6,1.20,6.45,0,52000,0
WSS,12/24/2009,18.9,19.0,18.0,18.6,172500,19.30,16.90,18.1,0.50,2.76,0,0,0
WSS,12/23/2009,17.8,18.6,16.9,18.1,237800,19.00,16.60,17.8,0.30,1.69,0,22000,0
WSS,12/22/2009,18.1,18.2,17.4,17.8,226200,18.60,16.20,17.4,0.40,2.30,0,100,0
WSS,12/21/2009,17.0,17.4,16.9,17.4,167800,17.40,15.20,16.3,1.10,6.75,0,100,0
WSS,12/18/2009,16.0,16.4,15.9,16.3,139600,16.40,14.40,15.4,0.90,5.84,0,0,0
WSS,12/17/2009,15.3,16.4,15.3,15.4,105300,17.50,15.30,16.4,-1.00,-6.10,0,0,0
WSS,12/16/2009,17.8,17.9,16.0,16.4,97600,18.40,16.00,17.2,-0.80,-4.65,0,0,0
WSS,12/15/2009,19.0,19.9,15.0,17.2,508000,0.00,0.00,0.0,17.20,0.00,0,0,0
